1.3640520600e-02
2.1999791300e-02
3.0613189600e-02
3.6617166200e-02
3.8189904300e-02
3.5696583800e-02
3.0902697500e-02
2.5516880500e-02
2.0508358600e-02
1.6222784000e-02
1.2694268900e-02
9.8463057000e-03
7.5768183000e-03
5.7868058000e-03
4.3882595000e-03
3.3054742000e-03
2.4744876000e-03
1.8420473000e-03
1.3644561000e-03
1.0063759000e-03
7.3963260000e-04
5.4206480000e-04
3.9645730000e-04
2.8958990000e-04
2.1141550000e-04
1.5437060000e-04
1.1280900000e-04
8.2548500000e-05
6.0511700000e-05
4.4447300000e-05
3.2716400000e-05
2.4130100000e-05
1.7828700000e-05
1.3190600000e-05
9.7671000000e-06
7.2336000000e-06
5.3547000000e-06
3.9591000000e-06
2.9216000000e-06
2.1504000000e-06
