1.6857446600e-02
2.9839052900e-02
4.1590473000e-02
4.5689950600e-02
4.0192406200e-02
2.9271200700e-02
1.8660864000e-02
1.1266876700e-02
7.0052726000e-03
4.7221062000e-03
3.4536636000e-03
2.6688441000e-03
2.1244912000e-03
1.7155924000e-03
1.3945153000e-03
1.1366059000e-03
9.2698150000e-04
7.5552170000e-04
6.1481480000e-04
4.9918710000e-04
4.0416900000e-04
3.2616960000e-04
2.6226190000e-04
2.1003520000e-04
1.6748940000e-04
1.3295670000e-04
1.0504210000e-04
8.2577600000e-05
6.4584800000e-05
5.0246000000e-05
3.8878900000e-05
2.9916700000e-05
2.2890000000e-05
1.7412700000e-05
1.3168000000e-05
9.8984000000e-06
7.3953000000e-06
5.4908000000e-06
4.0510000000e-06
2.9695000000e-06
