6.4528978000e-03
1.1503161900e-02
1.6044190100e-02
1.7538894500e-02
1.5245708700e-02
1.0854333500e-02
6.6503539000e-03
3.7693223000e-03
2.1522464000e-03
1.3231800000e-03
8.9156220000e-04
6.4430320000e-04
4.8486070000e-04
3.7219130000e-04
2.8816240000e-04
2.2373480000e-04
1.7366890000e-04
1.3452460000e-04
1.0385450000e-04
7.9832700000e-05
6.1057500000e-05
4.6433400000e-05
3.5093900000e-05
2.6348500000e-05
1.9644800000e-05
1.4540200000e-05
1.0680900000e-05
7.7848000000e-06
5.6285000000e-06
4.0358000000e-06
2.8692000000e-06
2.0220000000e-06
1.4120000000e-06
9.7700000000e-07
6.6950000000e-07
4.5430000000e-07
3.0510000000e-07
2.0290000000e-07
1.3340000000e-07
8.6800000000e-08
