1.68146280e-01
3.14345880e-01
4.28327450e-01
4.25571770e-01
3.08482700e-01
1.63242990e-01
6.31145400e-02
1.78456700e-02
3.69439000e-03
5.60710000e-04
6.24800000e-05
5.12000000e-06
3.10000000e-07
1.00000000e-08
0.00000000e+00
0.00000000e+00
0.00000000e+00
0.00000000e+00
0.00000000e+00
0.00000000e+00
0.00000000e+00
0.00000000e+00
0.00000000e+00
0.00000000e+00
0.00000000e+00
0.00000000e+00
0.00000000e+00
0.00000000e+00
0.00000000e+00
0.00000000e+00
0.00000000e+00
0.00000000e+00
0.00000000e+00
0.00000000e+00
0.00000000e+00
0.00000000e+00
0.00000000e+00
0.00000000e+00
0.00000000e+00
0.00000000e+00
