2.5590048000e-03
4.2201758000e-03
5.8919198000e-03
6.9430901000e-03
7.0120965000e-03
6.2520514000e-03
5.1111662000e-03
3.9777316000e-03
3.0353146000e-03
2.3136787000e-03
1.7780693000e-03
1.3820887000e-03
1.0866519000e-03
8.6308610000e-04
6.9132350000e-04
5.5744710000e-04
4.5174070000e-04
3.6733640000e-04
2.9930940000e-04
2.4407450000e-04
1.9897850000e-04
1.6202270000e-04
1.3167400000e-04
1.0673370000e-04
8.6248300000e-05
6.9447200000e-05
5.5699500000e-05
4.4483500000e-05
3.5365100000e-05
2.7981000000e-05
2.2027300000e-05
1.7249200000e-05
1.3433600000e-05
1.0402500000e-05
8.0077000000e-06
6.1267000000e-06
4.6580000000e-06
3.5185000000e-06
2.6400000000e-06
1.9673000000e-06
