7.5013370000e-04
1.2704610000e-03
1.7875043000e-03
2.0894427000e-03
2.0581871000e-03
1.7539662000e-03
1.3383684000e-03
9.4796370000e-04
6.4254530000e-04
4.2547890000e-04
2.7828510000e-04
1.8052990000e-04
1.1619300000e-04
7.4074700000e-05
4.6656900000e-05
2.8949600000e-05
1.7641300000e-05
1.0527100000e-05
6.1352000000e-06
3.4842000000e-06
1.9245000000e-06
1.0324000000e-06
5.3730000000e-07
2.7110000000e-07
1.3250000000e-07
6.2700000000e-08
2.8700000000e-08
1.2800000000e-08
5.5000000000e-09
2.3000000000e-09
9.0000000000e-10
4.0000000000e-10
1.0000000000e-10
0.0000000000e+00
0.0000000000e+00
0.0000000000e+00
0.0000000000e+00
0.0000000000e+00
0.0000000000e+00
0.0000000000e+00
