0.00000000	-0.50000000	409146.889536820992
0.00000000	-0.45000000	313166.133676579571
0.00000000	-0.40000000	234764.583892017748
0.00000000	-0.35000000	171124.683086841076
0.00000000	-0.30000000	120056.299068552820
0.00000000	-0.25000000	79823.238431275648
0.00000000	-0.20000000	49025.865058554664
0.00000000	-0.15000000	26519.366950686341
0.00000000	-0.10000000	11355.420458694902
0.00000000	-0.05000000	2739.647882857004
0.00000000	0.00000000	0.000000009267
0.00000000	0.05000000	2562.860713141316
0.00000000	0.10000000	9934.715615618901
0.00000000	0.15000000	21687.898766574781
0.00000000	0.20000000	37449.375159625459
0.00000000	0.25000000	56891.814619663943
0.00000000	0.30000000	79726.417415882301
0.00000000	0.35000000	105697.094601969889
0.00000000	0.40000000	134575.707249138650
0.00000000	0.45000000	166158.141467215406
0.00000000	0.50000000	200261.049095497699
0.00001000	-0.50000000	409145.556562085287
0.00001000	-0.45000000	313165.041632243898
0.00001000	-0.40000000	234763.693909981550
0.00001000	-0.35000000	171123.965268538508
0.00001000	-0.30000000	120055.729922236074
0.00001000	-0.25000000	79822.799163534146
0.00001000	-0.20000000	49025.540399733873
0.00001000	-0.15000000	26519.144325770787
0.00001000	-0.10000000	11355.289388500209
0.00001000	-0.05000000	2739.599542803672
0.00001000	0.00000000	0.026889202071
0.00001000	0.05000000	2562.956402239500
0.00001000	0.10000000	9934.874552008583
0.00001000	0.15000000	21688.116121894684
0.00001000	0.20000000	37449.646709058659
0.00001000	0.25000000	56892.136645370672
0.00001000	0.30000000	79726.786629003604
0.00001000	0.35000000	105697.508079075167
0.00001000	0.40000000	134576.162380021473
0.00001000	0.45000000	166158.635911690537
0.00001000	0.50000000	200261.580747397966
0.00002000	-0.50000000	409141.587325449684
0.00002000	-0.45000000	313161.796161532635
0.00002000	-0.40000000	234761.055439072952
0.00002000	-0.35000000	171121.843977124168
0.00002000	-0.30000000	120054.055237073175
0.00002000	-0.25000000	79821.514625931159
0.00002000	-0.20000000	49024.600136935303
0.00002000	-0.15000000	26518.510560163282
0.00002000	-0.10000000	11354.930638703763
0.00002000	-0.05000000	2739.489298154728
0.00002000	0.00000000	0.142615616350
0.00002000	0.05000000	2563.278784771504
0.00002000	0.10000000	9935.386909556584
0.00002000	0.15000000	21688.803949143177
0.00002000	0.20000000	37450.497313848588
0.00002000	0.25000000	56893.138858595659
0.00002000	0.30000000	79727.930570295342
0.00002000	0.35000000	105698.784965879895
0.00002000	0.40000000	134577.564370769658
0.00002000	0.45000000	166160.155976006645
0.00002000	0.50000000	200263.212557941501
0.00003000	-0.50000000	409134.981609755312
0.00003000	-0.45000000	313156.397020497767
0.00003000	-0.40000000	234756.668214923993
0.00003000	-0.35000000	171118.318932303111
0.00003000	-0.30000000	120051.274720104848
0.00003000	-0.25000000	79819.384515267913
0.00003000	-0.20000000	49023.043958561058
0.00003000	-0.15000000	26517.465335291141
0.00003000	-0.10000000	11354.343884874330
0.00003000	-0.05000000	2739.316819510768
0.00003000	0.00000000	0.346845601368
0.00003000	0.05000000	2563.827523420319
0.00003000	0.10000000	9936.252347761480
0.00003000	0.15000000	21689.961905034419
0.00003000	0.20000000	37451.926628260699
0.00003000	0.25000000	56894.820911439296
0.00003000	0.30000000	79729.848889933521
0.00003000	0.35000000	105700.924910841568
0.00003000	0.40000000	134579.912868299987
0.00003000	0.45000000	166162.701305693481
0.00003000	0.50000000	200265.944171405106
0.00004000	-0.50000000	409125.737538054294
0.00004000	-0.45000000	313148.842287535022
0.00004000	-0.40000000	234750.530281891348
0.00004000	-0.35000000	171113.388151883235
0.00004000	-0.30000000	120047.386368026651
0.00004000	-0.25000000	79816.406811170542
0.00004000	-0.20000000	49020.869830237643
0.00004000	-0.15000000	26516.006605152135
0.00004000	-0.10000000	11353.527071244078
0.00004000	-0.05000000	2739.080042821216
0.00004000	0.00000000	0.637508020054
0.00004000	0.05000000	2564.600540936992
0.00004000	0.10000000	9937.468784065475
0.00004000	0.15000000	21691.587902369341
0.00004000	0.20000000	37453.932561013702
0.00004000	0.25000000	56897.180709010267
0.00004000	0.30000000	79732.539489818533
0.00004000	0.35000000	105703.925812996560
0.00004000	0.40000000	134583.205769080261
0.00004000	0.45000000	166166.269794907013
0.00004000	0.50000000	200269.773479855212
0.00005000	-0.50000000	409113.854662329948
0.00005000	-0.45000000	313139.131452111178
0.00005000	-0.40000000	234742.641081786802
0.00005000	-0.35000000	171107.051040508813
0.00005000	-0.30000000	120042.389555927002
0.00005000	-0.25000000	79812.580864831092
0.00005000	-0.20000000	49018.077083556163
0.00005000	-0.15000000	26514.133685057652
0.00005000	-0.10000000	11352.479499452445
0.00005000	-0.05000000	2738.778258129793
0.00005000	0.00000000	1.013882994427
0.00005000	0.05000000	2565.597108887123
0.00005000	0.10000000	9939.035482601723
0.00005000	0.15000000	21693.681198782782
0.00005000	0.20000000	37456.514364027746
0.00005000	0.25000000	56900.217498174883
0.00005000	0.30000000	79736.001612325475
0.00005000	0.35000000	105707.786910709372
0.00005000	0.40000000	134587.442307879333
0.00005000	0.45000000	166170.860675178294
0.00005000	0.50000000	200274.699711897934
0.00006000	-0.50000000	409099.333070707857
0.00006000	-0.45000000	313127.264521985140
0.00006000	-0.40000000	234733.000561107096
0.00006000	-0.35000000	171099.307496894151
0.00006000	-0.30000000	120036.284144522433
0.00006000	-0.25000000	79807.906506243977
0.00006000	-0.20000000	49014.665523312971
0.00006000	-0.15000000	26511.846358874813
0.00006000	-0.10000000	11351.200935789411
0.00006000	-0.05000000	2738.411216818686
0.00006000	0.00000000	1.475709151133
0.00006000	0.05000000	2566.816954896407
0.00006000	0.10000000	9940.952161440324
0.00006000	0.15000000	21696.241503990863
0.00006000	0.20000000	37459.671739670943
0.00006000	0.25000000	56903.930974803785
0.00006000	0.30000000	79740.234947550111
0.00006000	0.35000000	105712.507888920387
0.00006000	0.40000000	134592.622165014240
0.00006000	0.45000000	166176.473622663063
0.00006000	0.50000000	200280.722539928713
0.00007000	-0.50000000	409082.173130841285
0.00007000	-0.45000000	313113.241766598832
0.00007000	-0.40000000	234721.608914429555
0.00007000	-0.35000000	171090.157657223346
0.00007000	-0.30000000	120029.070223561183
0.00007000	-0.25000000	79802.383787612693
0.00007000	-0.20000000	49010.635170915906
0.00007000	-0.15000000	26509.144622432912
0.00007000	-0.10000000	11349.691354602210
0.00007000	-0.05000000	2737.978875015494
0.00007000	0.00000000	2.022927028393
0.00007000	0.05000000	2568.260006058426
0.00007000	0.10000000	9943.218735996435
0.00007000	0.15000000	21699.268723197863
0.00007000	0.20000000	37463.404584167503
0.00007000	0.25000000	56908.321027180195
0.00007000	0.30000000	79745.239376717975
0.00007000	0.35000000	105718.088622553376
0.00007000	0.40000000	134598.745209758286
0.00007000	0.45000000	166183.108501547744
0.00007000	0.50000000	200287.841823537223
0.00008000	-0.50000000	409062.375398691220
0.00008000	-0.45000000	313097.063625875802
0.00008000	-0.40000000	234708.466493220883
0.00008000	-0.35000000	171079.601803968340
0.00008000	-0.30000000	120020.748020647618
0.00008000	-0.25000000	79796.012892178711
0.00008000	-0.20000000	49005.986173218080
0.00008000	-0.15000000	26506.028592361101
0.00008000	-0.10000000	11347.950847136521
0.00008000	-0.05000000	2737.481302436865
0.00008000	0.00000000	2.655587921851
0.00008000	0.05000000	2569.926297781598
0.00008000	0.10000000	9945.835227878360
0.00008000	0.15000000	21702.762865946854
0.00008000	0.20000000	37467.712896448902
0.00008000	0.25000000	56913.387644851333
0.00008000	0.30000000	79751.014881036681
0.00008000	0.35000000	105724.529085369359
0.00008000	0.40000000	134605.811409195943
0.00008000	0.45000000	166190.765272905555
0.00008000	0.50000000	200296.057518365182
0.00009000	-0.50000000	409039.940579847607
0.00009000	-0.45000000	313078.730671555910
0.00009000	-0.40000000	234693.573767182359
0.00009000	-0.35000000	171067.640327239991
0.00009000	-0.30000000	120011.317862596770
0.00009000	-0.25000000	79788.794095578967
0.00009000	-0.20000000	49000.718763878249
0.00009000	-0.15000000	26502.498467450197
0.00009000	-0.10000000	11345.979582899245
0.00009000	-0.05000000	2736.918643752344
0.00009000	0.00000000	3.373815248831
0.00009000	0.05000000	2571.815935154634
0.00009000	0.10000000	9948.801726253727
0.00009000	0.15000000	21706.724007485507
0.00009000	0.20000000	37472.596739519955
0.00009000	0.25000000	56919.130879995682
0.00009000	0.30000000	79757.561503062461
0.00009000	0.35000000	105731.829311333975
0.00009000	0.40000000	134613.820789588703
0.00009000	0.45000000	166199.443956063013
0.00009000	0.50000000	200305.369637473254
0.00010000	-0.50000000	409014.869510855526
0.00010000	-0.45000000	313058.243588538491
0.00010000	-0.40000000	234676.931305606035
0.00010000	-0.35000000	171054.273706153035
0.00010000	-0.30000000	120000.780156808149
0.00010000	-0.25000000	79780.727747225741
0.00010000	-0.20000000	48994.833244743531
0.00010000	-0.15000000	26498.554510038895
0.00010000	-0.10000000	11343.777791047214
0.00010000	-0.05000000	2736.291099975076
0.00010000	0.00000000	4.177785941026
0.00010000	0.05000000	2573.929074340006
0.00010000	0.10000000	9952.118369243857
0.00010000	0.15000000	21711.152270161518
0.00010000	0.20000000	37478.056221855120
0.00010000	0.25000000	56925.550828819367
0.00010000	0.30000000	79764.879328098090
0.00010000	0.35000000	105739.989376014244
0.00010000	0.40000000	134622.773417774297
0.00010000	0.45000000	166209.144609998824
0.00010000	0.50000000	200315.778232738317
0.00011000	-0.50000000	408987.163149309228
0.00011000	-0.45000000	313035.603164997941
0.00011000	-0.40000000	234658.539767503244
0.00011000	-0.35000000	171039.502498965943
0.00011000	-0.30000000	119989.135381411063
0.00011000	-0.25000000	79771.814260457060
0.00011000	-0.20000000	48988.329976005189
0.00011000	-0.15000000	26494.197036172583
0.00011000	-0.10000000	11341.345750548606
0.00011000	-0.05000000	2735.598918625246
0.00011000	0.00000000	5.067720609654
0.00011000	0.05000000	2576.265912740748
0.00011000	0.10000000	9955.785334092088
0.00011000	0.15000000	21716.047813592006
0.00011000	0.20000000	37484.091487568949
0.00011000	0.25000000	56932.647621727621
0.00011000	0.30000000	79772.968474364141
0.00011000	0.35000000	105749.009386751801
0.00011000	0.40000000	134632.669391338946
0.00011000	0.45000000	166219.867323517014
0.00011000	0.50000000	200327.283385028830
0.00012000	-0.50000000	408956.822568153846
0.00012000	-0.45000000	313010.810286707652
0.00012000	-0.40000000	234638.399895946350
0.00012000	-0.35000000	171023.327337432653
0.00012000	-0.30000000	119976.384079626383
0.00012000	-0.25000000	79762.054106905241
0.00012000	-0.20000000	48981.209370571771
0.00012000	-0.15000000	26489.426409981043
0.00012000	-0.10000000	11338.683784564068
0.00012000	-0.05000000	2734.842388113664
0.00012000	0.00000000	6.043877931213
0.00012000	0.05000000	2578.826683388386
0.00012000	0.10000000	9959.802831552781
0.00012000	0.15000000	21721.410829053904
0.00012000	0.20000000	37490.702710807083
0.00012000	0.25000000	56940.421417716272
0.00012000	0.30000000	79781.829087392311
0.00012000	0.35000000	105758.889477056102
0.00012000	0.40000000	134643.508833012107
0.00012000	0.45000000	166231.612209641782
0.00012000	0.50000000	200339.885198599484
0.00013000	-0.50000000	408923.848952221451
0.00013000	-0.45000000	312983.865933600347
0.00013000	-0.40000000	234616.512514643720
0.00013000	-0.35000000	171005.748923391482
0.00013000	-0.30000000	119962.526856363402
0.00013000	-0.25000000	79751.447813099454
0.00013000	-0.20000000	48973.471890676599
0.00013000	-0.15000000	26484.243040288769
0.00013000	-0.10000000	11335.792257060093
0.00013000	-0.05000000	2734.021834358184
0.00013000	0.00000000	7.106551265129
0.00013000	0.05000000	2581.611651561391
0.00013000	0.10000000	9964.171102511356
0.00013000	0.15000000	21727.241536104524
0.00013000	0.20000000	37497.890092368179
0.00013000	0.25000000	56948.872400994864
0.00013000	0.30000000	79791.461336648019
0.00013000	0.35000000	105769.629803227799
0.00013000	0.40000000	134655.291887289262
0.00013000	0.45000000	166244.379402240971
0.00013000	0.50000000	200353.583797715430
0.00014000	-0.50000000	408888.243595979468
0.00014000	-0.45000000	312954.771177545306
0.00014000	-0.40000000	234592.878525738866
0.00014000	-0.35000000	170986.768026576814
0.00014000	-0.30000000	119947.564376042748
0.00014000	-0.25000000	79739.995958298547
0.00014000	-0.20000000	48965.118045716707
0.00014000	-0.15000000	26478.647378459955
0.00014000	-0.10000000	11332.671570657247
0.00014000	-0.05000000	2733.137618634580
0.00014000	0.00000000	8.256066508399
0.00014000	0.05000000	2584.621112642558
0.00014000	0.10000000	9968.890415843214
0.00014000	0.15000000	21733.540180442997
0.00014000	0.20000000	37505.653857566016
0.00014000	0.25000000	56958.000778849935
0.00014000	0.30000000	79801.865413395135
0.00014000	0.35000000	105781.230542224730
0.00014000	0.40000000	134668.018718299398
0.00014000	0.45000000	166258.169053894177
0.00014000	0.50000000	200368.379324519308
0.00015000	-0.50000000	408850.007902023324
0.00015000	-0.45000000	312923.527180868841
0.00015000	-0.40000000	234567.498908348905
0.00015000	-0.35000000	170966.385483172256
0.00015000	-0.30000000	119931.497361158894
0.00015000	-0.25000000	79727.699173059198
0.00015000	-0.20000000	48956.148390827395
0.00015000	-0.15000000	26472.639916976732
0.00015000	-0.10000000	11329.322165212803
0.00015000	-0.05000000	2732.190136161608
0.00015000	0.00000000	9.492780681886
0.00015000	0.05000000	2587.855390706828
0.00015000	0.10000000	9973.961067003242
0.00015000	0.15000000	21740.307032499510
0.00015000	0.20000000	37513.994254820653
0.00015000	0.25000000	56967.806780236169
0.00015000	0.30000000	79813.041529288210
0.00015000	0.35000000	105793.691890253671
0.00015000	0.40000000	134681.689508397481
0.00015000	0.45000000	166272.981334485346
0.00015000	0.50000000	200384.271937626239
0.00016000	-0.50000000	408809.143379980116
0.00016000	-0.45000000	312890.135195291485
0.00016000	-0.40000000	234540.374717525934
0.00016000	-0.35000000	170944.602194789710
0.00016000	-0.30000000	119914.326591272868
0.00016000	-0.25000000	79714.558138239125
0.00016000	-0.20000000	48946.563525892307
0.00016000	-0.15000000	26466.221188455442
0.00016000	-0.10000000	11325.744516841172
0.00016000	-0.05000000	2731.179815126048
0.00016000	0.00000000	10.817080959371
0.00016000	0.05000000	2591.314837552930
0.00016000	0.10000000	9979.383377059685
0.00016000	0.15000000	21747.542386472571
0.00016000	0.20000000	37522.911554696322
0.00016000	0.25000000	56978.290654816701
0.00016000	0.30000000	79824.989915413433
0.00016000	0.35000000	105807.014061813155
0.00016000	0.40000000	134696.304457207181
0.00016000	0.45000000	166288.816430246894
0.00016000	0.50000000	200401.261811168166
0.00017000	-0.50000000	408765.651645724662
0.00017000	-0.45000000	312854.596561176877
0.00017000	-0.40000000	234511.507083528733
0.00017000	-0.35000000	170921.419127755333
0.00017000	-0.30000000	119896.052902309195
0.00017000	-0.25000000	79700.573584302663
0.00017000	-0.20000000	48936.364094855759
0.00017000	-0.15000000	26459.391764963908
0.00017000	-0.10000000	11321.939137235588
0.00017000	-0.05000000	2730.107116007200
0.00017000	0.00000000	12.229383993349
0.00017000	0.05000000	2594.999832031516
0.00017000	0.10000000	9985.157692023631
0.00017000	0.15000000	21755.246559658946
0.00017000	0.20000000	37532.406049233032
0.00017000	0.25000000	56989.452672295149
0.00017000	0.30000000	79837.710821621193
0.00017000	0.35000000	105821.197289026895
0.00017000	0.40000000	134711.863780955697
0.00017000	0.45000000	166305.674543094239
0.00017000	0.50000000	200419.349134127609
0.00018000	-0.50000000	408719.534420733340
0.00018000	-0.45000000	312816.912706924137
0.00018000	-0.40000000	234480.897211240954
0.00018000	-0.35000000	170896.837312549789
0.00018000	-0.30000000	119876.677186010827
0.00018000	-0.25000000	79685.746290787472
0.00018000	-0.20000000	48925.550785198335
0.00018000	-0.15000000	26452.152257504211
0.00018000	-0.10000000	11317.906573155877
0.00018000	-0.05000000	2728.972531069164
0.00018000	0.00000000	13.730135412348
0.00018000	0.05000000	2598.910779545297
0.00018000	0.10000000	9991.284382352043
0.00018000	0.15000000	21763.419891959009
0.00018000	0.20000000	37542.478051454003
0.00018000	0.25000000	57001.293121924544
0.00018000	0.30000000	79851.204516037586
0.00018000	0.35000000	105836.241821155607
0.00018000	0.40000000	134728.367711986648
0.00018000	0.45000000	166323.555890139978
0.00018000	0.50000000	200438.534109854343
0.00019000	-0.50000000	408670.793531597941
0.00019000	-0.45000000	312777.085148517741
0.00019000	-0.40000000	234448.546379749256
0.00019000	-0.35000000	170870.857843401784
0.00019000	-0.30000000	119856.200389546633
0.00019000	-0.25000000	79670.077085920508
0.00019000	-0.20000000	48914.124327560203
0.00019000	-0.15000000	26444.503315641599
0.00019000	-0.10000000	11313.647406062311
0.00019000	-0.05000000	2727.776583998008
0.00019000	0.00000000	15.319809460294
0.00019000	0.05000000	2603.048111690626
0.00019000	0.10000000	9997.763842591310
0.00019000	0.15000000	21772.062745522057
0.00019000	0.20000000	37553.127895011392
0.00019000	0.25000000	57013.812312154463
0.00019000	0.30000000	79865.471284711341
0.00019000	0.35000000	105852.147924245510
0.00019000	0.40000000	134745.816498408705
0.00019000	0.45000000	166342.460703343560
0.00019000	0.50000000	200458.816955714283
0.00020000	-0.50000000	408619.430909592251
0.00020000	-0.45000000	312735.115489137359
0.00020000	-0.40000000	234414.455941978638
0.00020000	-0.35000000	170843.481877947313
0.00020000	-0.30000000	119834.623515185813
0.00020000	-0.25000000	79653.566846305446
0.00020000	-0.20000000	48902.085495437757
0.00020000	-0.15000000	26436.445627207977
0.00020000	-0.10000000	11309.162251824706
0.00020000	-0.05000000	2726.519829616018
0.00020000	0.00000000	16.998908714345
0.00020000	0.05000000	2607.412285978998
0.00020000	0.10000000	10004.596491100801
0.00020000	0.15000000	21781.175504471852
0.00020000	0.20000000	37564.355933914791
0.00020000	0.25000000	57027.010570360835
0.00020000	0.30000000	79880.511431345047
0.00020000	0.35000000	105868.915880860339
0.00020000	0.40000000	134764.210403828940
0.00020000	0.45000000	166362.389229244669
0.00020000	0.50000000	200480.197902823798
