-0.000100000000	-0.500000000000	238305.050959924352
-0.000100000000	-0.475000000000	208951.818510321929
-0.000100000000	-0.450000000000	182399.536420981749
-0.000100000000	-0.425000000000	158399.128326779814
-0.000100000000	-0.400000000000	136733.333326602151
-0.000100000000	-0.375000000000	117211.508005023788
-0.000100000000	-0.350000000000	99665.448477778016
-0.000100000000	-0.325000000000	83946.001307744242
-0.000100000000	-0.300000000000	69920.291033866801
-0.000100000000	-0.275000000000	57469.434401923776
-0.000100000000	-0.250000000000	46486.642237817927
-0.000100000000	-0.225000000000	36875.632656369853
-0.000100000000	-0.200000000000	28549.296267791251
-0.000100000000	-0.175000000000	21428.566832950710
-0.000100000000	-0.150000000000	15441.460551227477
-0.000100000000	-0.125000000000	10522.254639047838
-0.000100000000	-0.100000000000	6610.781646088010
-0.000100000000	-0.075000000000	3651.820475467703
-0.000100000000	-0.050000000000	1594.568628929925
-0.000100000000	-0.025000000000	392.183013653662
-0.000100000000	0.000000000000	1.378892453090
-0.000100000000	0.025000000000	382.078360537563
-0.000100000000	0.050000000000	1497.101186009657
-0.000100000000	0.075000000000	3311.892031471402
-0.000100000000	0.100000000000	5794.279037166218
-0.000100000000	0.125000000000	8914.259535942239
-0.000100000000	0.150000000000	12643.809321254264
-0.000100000000	0.175000000000	16956.712428323874
-0.000100000000	0.200000000000	21828.408836689738
-0.000100000000	0.225000000000	27235.857876552556
-0.000100000000	0.250000000000	33157.415434998868
-0.000100000000	0.275000000000	39572.723322166086
-0.000100000000	0.300000000000	46462.609380366477
-0.000100000000	0.325000000000	53808.997108163538
-0.000100000000	0.350000000000	61594.823732103367
-0.000100000000	0.375000000000	69803.965795916651
-0.000100000000	0.400000000000	78421.171454350726
-0.000100000000	0.425000000000	87431.998759518567
-0.000100000000	0.450000000000	96822.759314356736
-0.000100000000	0.475000000000	106580.466742638164
-0.000100000000	0.500000000000	116692.789489760908
-0.000095000000	-0.500000000000	238309.838697297848
-0.000095000000	-0.475000000000	208956.157000668056
-0.000095000000	-0.450000000000	182403.464501267736
-0.000095000000	-0.425000000000	158402.679769571638
-0.000095000000	-0.400000000000	136736.537683925504
-0.000095000000	-0.375000000000	117214.391283492587
-0.000095000000	-0.350000000000	99668.033683919086
-0.000095000000	-0.325000000000	83948.308892358473
-0.000095000000	-0.300000000000	69922.339257056330
-0.000095000000	-0.275000000000	57471.239635196442
-0.000095000000	-0.250000000000	46488.219215850389
-0.000095000000	-0.225000000000	36876.994688171973
-0.000095000000	-0.200000000000	28550.455414881653
-0.000095000000	-0.175000000000	21429.534060541027
-0.000095000000	-0.150000000000	15442.245857177517
-0.000095000000	-0.125000000000	10522.867164401378
-0.000095000000	-0.100000000000	6611.229770259217
-0.000095000000	-0.075000000000	3652.111898566394
-0.000095000000	-0.050000000000	1594.710443256276
-0.000095000000	-0.025000000000	392.181766028258
-0.000095000000	0.000000000000	1.240638756947
-0.000095000000	0.025000000000	381.808713601713
-0.000095000000	0.050000000000	1496.705357804688
-0.000095000000	0.075000000000	3311.374870391522
-0.000095000000	0.100000000000	5793.645061077338
-0.000095000000	0.125000000000	8913.512961558496
-0.000095000000	0.150000000000	12642.954090321648
-0.000095000000	0.175000000000	16955.752231019029
-0.000095000000	0.200000000000	21827.347132581370
-0.000095000000	0.225000000000	27234.697913424450
-0.000095000000	0.250000000000	33156.160265790539
-0.000095000000	0.275000000000	39571.375820253030
-0.000095000000	0.300000000000	46461.172253371289
-0.000095000000	0.325000000000	53807.472910464021
-0.000095000000	0.350000000000	61593.214876182908
-0.000095000000	0.375000000000	69802.274562682578
-0.000095000000	0.400000000000	78419.400002531751
-0.000095000000	0.425000000000	87430.149134237727
-0.000095000000	0.450000000000	96820.833454965628
-0.000095000000	0.475000000000	106578.466489887025
-0.000095000000	0.500000000000	116690.716592371566
-0.000090000000	-0.500000000000	238314.381331327022
-0.000090000000	-0.475000000000	208960.273395952885
-0.000090000000	-0.450000000000	182407.191506822943
-0.000090000000	-0.425000000000	158406.049429123406
-0.000090000000	-0.400000000000	136739.578036616847
-0.000090000000	-0.375000000000	117217.127004480702
-0.000090000000	-0.350000000000	99670.486601806770
-0.000090000000	-0.325000000000	83950.498410823115
-0.000090000000	-0.300000000000	69924.282701202537
-0.000090000000	-0.275000000000	57472.952538203324
-0.000090000000	-0.250000000000	46489.715557852978
-0.000090000000	-0.225000000000	36878.287096619752
-0.000090000000	-0.200000000000	28551.555333596400
-0.000090000000	-0.175000000000	21430.451893163769
-0.000090000000	-0.150000000000	15442.991089523653
-0.000090000000	-0.125000000000	10523.448469339393
-0.000090000000	-0.100000000000	6611.655098024579
-0.000090000000	-0.075000000000	3652.388554873113
-0.000090000000	-0.050000000000	1594.845157131686
-0.000090000000	-0.025000000000	392.180748952467
-0.000090000000	0.000000000000	1.109636410559
-0.000090000000	0.025000000000	381.553051303979
-0.000090000000	0.050000000000	1496.329980542730
-0.000090000000	0.075000000000	3310.884378195869
-0.000090000000	0.100000000000	5793.043740377752
-0.000090000000	0.125000000000	8912.804813056313
-0.000090000000	0.150000000000	12642.142853832929
-0.000090000000	0.175000000000	16954.841407674983
-0.000090000000	0.200000000000	21826.340004716672
-0.000090000000	0.225000000000	27233.597562436182
-0.000090000000	0.250000000000	33154.969588211519
-0.000090000000	0.275000000000	39570.097542249481
-0.000090000000	0.300000000000	46459.808943846539
-0.000090000000	0.325000000000	53806.026992926330
-0.000090000000	0.350000000000	61591.688639514352
-0.000090000000	0.375000000000	69800.670170929181
-0.000090000000	0.400000000000	78417.719503819433
-0.000090000000	0.425000000000	87428.394468906336
-0.000090000000	0.450000000000	96819.006463001599
-0.000090000000	0.475000000000	106576.568917726836
-0.000090000000	0.500000000000	116688.750099137178
-0.000085000000	-0.500000000000	238318.678827035765
-0.000085000000	-0.475000000000	208964.167664860899
-0.000085000000	-0.450000000000	182410.717409508739
-0.000085000000	-0.425000000000	158409.237280071771
-0.000085000000	-0.400000000000	136742.454361751297
-0.000085000000	-0.375000000000	117219.715147217852
-0.000085000000	-0.350000000000	99672.807212583837
-0.000085000000	-0.325000000000	83952.569845987571
-0.000085000000	-0.300000000000	69926.121350683563
-0.000085000000	-0.275000000000	57474.573096697750
-0.000085000000	-0.250000000000	46491.131250820406
-0.000085000000	-0.225000000000	36879.509869832669
-0.000085000000	-0.200000000000	28552.596013076953
-0.000085000000	-0.175000000000	21431.320320891951
-0.000085000000	-0.150000000000	15443.696239190747
-0.000085000000	-0.125000000000	10523.998545567300
-0.000085000000	-0.100000000000	6612.057621806959
-0.000085000000	-0.075000000000	3652.650437471524
-0.000085000000	-0.050000000000	1594.972764249942
-0.000085000000	-0.025000000000	392.179956684397
-0.000085000000	0.000000000000	0.985880195293
-0.000085000000	0.025000000000	381.311368911616
-0.000085000000	0.050000000000	1495.975049943327
-0.000085000000	0.075000000000	3310.420551025474
-0.000085000000	0.100000000000	5792.475071602010
-0.000085000000	0.125000000000	8912.135087338282
-0.000085000000	0.150000000000	12641.375609035351
-0.000085000000	0.175000000000	16953.979955862327
-0.000085000000	0.200000000000	21825.387450969862
-0.000085000000	0.225000000000	27232.556821747603
-0.000085000000	0.250000000000	33153.843400690515
-0.000085000000	0.275000000000	39568.888486837597
-0.000085000000	0.300000000000	46458.519450713778
-0.000085000000	0.325000000000	53804.659354698262
-0.000085000000	0.350000000000	61590.245021459610
-0.000085000000	0.375000000000	69799.152620221023
-0.000085000000	0.400000000000	78416.129957970435
-0.000085000000	0.425000000000	87426.734763463130
-0.000085000000	0.450000000000	96817.278338576783
-0.000085000000	0.475000000000	106574.774026433981
-0.000085000000	0.500000000000	116686.890010491261
-0.000080000000	-0.500000000000	238322.731152575463
-0.000080000000	-0.475000000000	208967.839779007074
-0.000080000000	-0.450000000000	182414.042183946323
-0.000080000000	-0.425000000000	158412.243299663765
-0.000080000000	-0.400000000000	136745.166638882889
-0.000080000000	-0.375000000000	117222.155693296663
-0.000080000000	-0.350000000000	99674.995499652956
-0.000080000000	-0.325000000000	83954.523182869161
-0.000080000000	-0.300000000000	69927.855191963477
-0.000080000000	-0.275000000000	57476.101298444999
-0.000080000000	-0.250000000000	46492.466283692651
-0.000080000000	-0.225000000000	36880.662997814507
-0.000080000000	-0.200000000000	28553.577444294260
-0.000080000000	-0.175000000000	21432.139335578158
-0.000080000000	-0.150000000000	15444.361298837057
-0.000080000000	-0.125000000000	10524.517386482117
-0.000080000000	-0.100000000000	6612.437335682199
-0.000080000000	-0.075000000000	3652.897541062656
-0.000080000000	-0.050000000000	1595.093259889202
-0.000080000000	-0.025000000000	392.179385036262
-0.000080000000	0.000000000000	0.869366418382
-0.000080000000	0.025000000000	381.083663191689
-0.000080000000	0.050000000000	1495.640563201369
-0.000080000000	0.075000000000	3309.983386474080
-0.000080000000	0.100000000000	5791.939052716201
-0.000080000000	0.125000000000	8911.503782718792
-0.000080000000	0.150000000000	12640.652354569433
-0.000080000000	0.175000000000	16953.167874527498
-0.000080000000	0.200000000000	21824.489470574757
-0.000080000000	0.225000000000	27231.575690862668
-0.000080000000	0.250000000000	33152.781702986096
-0.000080000000	0.275000000000	39567.748654015959
-0.000080000000	0.300000000000	46457.303774198037
-0.000080000000	0.325000000000	53803.369996218797
-0.000080000000	0.350000000000	61588.884022660051
-0.000080000000	0.375000000000	69797.721911391229
-0.000080000000	0.400000000000	78414.631365999638
-0.000080000000	0.425000000000	87425.170019095734
-0.000080000000	0.450000000000	96815.649083042372
-0.000080000000	0.475000000000	106573.081817515835
-0.000080000000	0.500000000000	116685.136328088804
-0.000075000000	-0.500000000000	238326.538279462315
-0.000075000000	-0.475000000000	208971.289713173814
-0.000075000000	-0.450000000000	182417.165807752521
-0.000075000000	-0.425000000000	158415.067467992019
-0.000075000000	-0.400000000000	136747.714850280405
-0.000075000000	-0.375000000000	117224.448626907906
-0.000075000000	-0.350000000000	99677.051448911836
-0.000075000000	-0.325000000000	83956.358408888133
-0.000075000000	-0.300000000000	69929.484213826479
-0.000075000000	-0.275000000000	57477.537133456040
-0.000075000000	-0.250000000000	46493.720647588161
-0.000075000000	-0.225000000000	36881.746472687068
-0.000075000000	-0.200000000000	28554.499620281833
-0.000075000000	-0.175000000000	21432.908931087015
-0.000075000000	-0.150000000000	15444.986263087285
-0.000075000000	-0.125000000000	10525.004987405018
-0.000075000000	-0.100000000000	6612.794235611249
-0.000075000000	-0.075000000000	3653.129862197060
-0.000075000000	-0.050000000000	1595.206641144248
-0.000075000000	-0.025000000000	392.179031606314
-0.000075000000	0.000000000000	0.760093144823
-0.000075000000	0.025000000000	380.869932642716
-0.000075000000	0.050000000000	1495.326519218751
-0.000075000000	0.075000000000	3309.572883819613
-0.000075000000	0.100000000000	5791.435683349373
-0.000075000000	0.125000000000	8910.910899155151
-0.000075000000	0.150000000000	12639.973090700025
-0.000075000000	0.175000000000	16952.405164223714
-0.000075000000	0.200000000000	21823.646064355376
-0.000075000000	0.225000000000	27230.654170860322
-0.000075000000	0.250000000000	33151.784496417000
-0.000075000000	0.275000000000	39566.678045329434
-0.000075000000	0.300000000000	46456.161916057819
-0.000075000000	0.325000000000	53802.158919448237
-0.000075000000	0.350000000000	61587.605645266936
-0.000075000000	0.375000000000	69796.378046771846
-0.000075000000	0.400000000000	78413.223730410507
-0.000075000000	0.425000000000	87423.700238470119
-0.000075000000	0.450000000000	96814.118699218830
-0.000075000000	0.475000000000	106571.492293939518
-0.000075000000	0.500000000000	116683.489055037149
-0.000070000000	-0.500000000000	238330.100182882830
-0.000070000000	-0.475000000000	208974.517445616773
-0.000070000000	-0.450000000000	182420.088261846424
-0.000070000000	-0.425000000000	158417.709768302331
-0.000070000000	-0.400000000000	136750.098981233721
-0.000070000000	-0.375000000000	117226.593935147888
-0.000070000000	-0.350000000000	99678.975049060478
-0.000070000000	-0.325000000000	83958.075514175129
-0.000070000000	-0.300000000000	69931.008407684712
-0.000070000000	-0.275000000000	57478.880594295777
-0.000070000000	-0.250000000000	46494.894336112455
-0.000070000000	-0.225000000000	36882.760288998870
-0.000070000000	-0.200000000000	28555.362536444969
-0.000070000000	-0.175000000000	21433.629103604828
-0.000070000000	-0.150000000000	15445.571128841451
-0.000070000000	-0.125000000000	10525.461345890362
-0.000070000000	-0.100000000000	6613.128319750002
-0.000070000000	-0.075000000000	3653.347399584410
-0.000070000000	-0.050000000000	1595.312907236096
-0.000070000000	-0.025000000000	392.178896088644
-0.000070000000	0.000000000000	0.658060507289
-0.000070000000	0.025000000000	380.670177804641
-0.000070000000	0.050000000000	1495.032918914475
-0.000070000000	0.075000000000	3309.189044334339
-0.000070000000	0.100000000000	5790.964965103704
-0.000070000000	0.125000000000	8910.356438558016
-0.000070000000	0.150000000000	12639.337819626664
-0.000070000000	0.175000000000	16951.691827421568
-0.000070000000	0.200000000000	21822.857235036907
-0.000070000000	0.225000000000	27229.792264704993
-0.000070000000	0.250000000000	33150.851784173152
-0.000070000000	0.275000000000	39565.676664180479
-0.000070000000	0.300000000000	46455.093879896063
-0.000070000000	0.325000000000	53801.026128179226
-0.000070000000	0.350000000000	61586.409893252247
-0.000070000000	0.375000000000	69795.121030504655
-0.000070000000	0.400000000000	78411.907055505959
-0.000070000000	0.425000000000	87422.325426041876
-0.000070000000	0.450000000000	96812.687191707111
-0.000070000000	0.475000000000	106570.005460443863
-0.000070000000	0.500000000000	116681.948196206256
-0.000065000000	-0.500000000000	238333.416842119157
-0.000065000000	-0.475000000000	208977.522958489426
-0.000065000000	-0.450000000000	182422.809530873434
-0.000065000000	-0.425000000000	158420.170187416661
-0.000065000000	-0.400000000000	136752.319020477356
-0.000065000000	-0.375000000000	117228.591608440809
-0.000065000000	-0.350000000000	99680.766292023385
-0.000065000000	-0.325000000000	83959.674491993021
-0.000065000000	-0.300000000000	69932.427768000285
-0.000065000000	-0.275000000000	57480.131676504672
-0.000065000000	-0.250000000000	46495.987345779562
-0.000065000000	-0.225000000000	36883.704444145551
-0.000065000000	-0.200000000000	28556.166190980788
-0.000065000000	-0.175000000000	21434.299852059237
-0.000065000000	-0.150000000000	15446.115895695139
-0.000065000000	-0.125000000000	10525.886462145962
-0.000065000000	-0.100000000000	6613.439588868674
-0.000065000000	-0.075000000000	3653.550154513078
-0.000065000000	-0.050000000000	1595.412059931509
-0.000065000000	-0.025000000000	392.178980692507
-0.000065000000	0.000000000000	0.563271125249
-0.000065000000	0.025000000000	380.484401678074
-0.000065000000	0.050000000000	1494.759765643670
-0.000065000000	0.075000000000	3308.831871703882
-0.000065000000	0.100000000000	5790.526901973320
-0.000065000000	0.125000000000	8909.840405210118
-0.000065000000	0.150000000000	12638.746545902361
-0.000065000000	0.175000000000	16951.027868927504
-0.000065000000	0.200000000000	21822.122987663839
-0.000065000000	0.225000000000	27228.989977665180
-0.000065000000	0.250000000000	33149.983571733777
-0.000065000000	0.275000000000	39564.744516247250
-0.000065000000	0.300000000000	46454.099671578675
-0.000065000000	0.325000000000	53799.971628454834
-0.000065000000	0.350000000000	61585.296772826827
-0.000065000000	0.375000000000	69793.950868959495
-0.000065000000	0.400000000000	78410.681347806167
-0.000065000000	0.425000000000	87421.045588474444
-0.000065000000	0.450000000000	96811.354567306029
-0.000065000000	0.475000000000	106568.621323957035
-0.000065000000	0.500000000000	116680.513758646877
-0.000060000000	-0.500000000000	238336.488241091865
-0.000060000000	-0.475000000000	208980.306238387158
-0.000060000000	-0.450000000000	182425.329603749851
-0.000060000000	-0.425000000000	158422.448716278741
-0.000060000000	-0.400000000000	136754.374960736808
-0.000060000000	-0.375000000000	117230.441641086203
-0.000060000000	-0.350000000000	99682.425173497730
-0.000060000000	-0.325000000000	83961.155339285790
-0.000060000000	-0.300000000000	69933.742292833922
-0.000060000000	-0.275000000000	57481.290379148064
-0.000060000000	-0.250000000000	46496.999676561798
-0.000060000000	-0.225000000000	36884.578938921091
-0.000060000000	-0.200000000000	28556.910585429876
-0.000060000000	-0.175000000000	21434.921178671470
-0.000060000000	-0.150000000000	15446.620566491791
-0.000060000000	-0.125000000000	10526.280339585457
-0.000060000000	-0.100000000000	6613.728046905030
-0.000060000000	-0.075000000000	3653.738131403618
-0.000060000000	-0.050000000000	1595.504104096595
-0.000060000000	-0.025000000000	392.179290696382
-0.000060000000	0.000000000000	0.475730659360
-0.000060000000	0.025000000000	380.312610278605
-0.000060000000	0.050000000000	1494.507065752285
-0.000060000000	0.075000000000	3308.501372582134
-0.000060000000	0.100000000000	5790.121500899622
-0.000060000000	0.125000000000	8909.362806321702
-0.000060000000	0.150000000000	12638.199276989193
-0.000060000000	0.175000000000	16950.413296439783
-0.000060000000	0.200000000000	21821.443330156362
-0.000060000000	0.225000000000	27228.247317869598
-0.000060000000	0.250000000000	33149.179867424231
-0.000060000000	0.275000000000	39563.881610040196
-0.000060000000	0.300000000000	46453.179299790907
-0.000060000000	0.325000000000	53798.995429125658
-0.000060000000	0.350000000000	61584.266292997563
-0.000060000000	0.375000000000	69792.867571291223
-0.000060000000	0.400000000000	78409.546616606647
-0.000060000000	0.425000000000	87419.860735196111
-0.000060000000	0.450000000000	96810.120835570822
-0.000060000000	0.475000000000	106567.339894154342
-0.000060000000	0.500000000000	116679.185752148886
-0.000055000000	-0.500000000000	238339.314369178494
-0.000055000000	-0.475000000000	208982.867277163314
-0.000055000000	-0.450000000000	182427.648474478017
-0.000055000000	-0.425000000000	158424.545350767963
-0.000055000000	-0.400000000000	136756.266799540608
-0.000055000000	-0.375000000000	117232.144032069409
-0.000055000000	-0.350000000000	99683.951693762647
-0.000055000000	-0.325000000000	83962.518057486493
-0.000055000000	-0.300000000000	69934.951984652638
-0.000055000000	-0.275000000000	57482.356705622791
-0.000055000000	-0.250000000000	46497.931332695320
-0.000055000000	-0.225000000000	36885.383778321957
-0.000055000000	-0.200000000000	28557.595725479739
-0.000055000000	-0.175000000000	21435.493089758995
-0.000055000000	-0.150000000000	15447.085148124694
-0.000055000000	-0.125000000000	10526.642985629984
-0.000055000000	-0.100000000000	6613.993701765179
-0.000055000000	-0.075000000000	3653.911338608780
-0.000055000000	-0.050000000000	1595.589048496544
-0.000055000000	-0.025000000000	392.179835246908
-0.000055000000	0.000000000000	0.395448609989
-0.000055000000	0.025000000000	380.154813435121
-0.000055000000	0.050000000000	1494.274829374833
-0.000055000000	0.075000000000	3308.197557388514
-0.000055000000	0.100000000000	5789.748772568103
-0.000055000000	0.125000000000	8908.923652826994
-0.000055000000	0.150000000000	12637.696024054352
-0.000055000000	0.175000000000	16949.848121344141
-0.000055000000	0.200000000000	21820.818274105299
-0.000055000000	0.225000000000	27227.564297102275
-0.000055000000	0.250000000000	33148.440683210181
-0.000055000000	0.275000000000	39563.087957696443
-0.000055000000	0.300000000000	46452.332776831689
-0.000055000000	0.325000000000	53798.097542643569
-0.000055000000	0.350000000000	61583.318466360979
-0.000055000000	0.375000000000	69791.871150233346
-0.000055000000	0.400000000000	78408.502874770405
-0.000055000000	0.425000000000	87418.770879193529
-0.000055000000	0.450000000000	96808.986009604821
-0.000055000000	0.475000000000	106566.161184250217
-0.000055000000	0.500000000000	116677.964190032799
-0.000050000000	-0.500000000000	238341.895222303196
-0.000050000000	-0.475000000000	208985.206073020468
-0.000050000000	-0.450000000000	182429.766143237881
-0.000050000000	-0.425000000000	158426.460092791269
-0.000050000000	-0.400000000000	136757.994540313201
-0.000050000000	-0.375000000000	117233.698786155874
-0.000050000000	-0.350000000000	99685.345858774032
-0.000050000000	-0.325000000000	83963.762653612997
-0.000050000000	-0.300000000000	69936.056851425441
-0.000050000000	-0.275000000000	57483.330664753594
-0.000050000000	-0.250000000000	46498.782323777297
-0.000050000000	-0.225000000000	36886.118972645098
-0.000050000000	-0.200000000000	28558.221622063222
-0.000050000000	-0.175000000000	21436.015596834255
-0.000050000000	-0.150000000000	15447.509652636058
-0.000050000000	-0.125000000000	10526.974412807500
-0.000050000000	-0.100000000000	6614.236566423386
-0.000050000000	-0.075000000000	3654.069789513947
-0.000050000000	-0.050000000000	1595.666906896222
-0.000050000000	-0.025000000000	392.180628460080
-0.000050000000	0.000000000000	0.322439418565
-0.000050000000	0.025000000000	380.011025891294
-0.000050000000	0.050000000000	1494.063071536357
-0.000050000000	0.075000000000	3307.920441410242
-0.000050000000	0.100000000000	5789.408732510710
-0.000050000000	0.125000000000	8908.522960486935
-0.000050000000	0.150000000000	12637.236803073200
-0.000050000000	0.175000000000	16949.332359817032
-0.000050000000	0.200000000000	21820.247835876176
-0.000050000000	0.225000000000	27226.940931906163
-0.000050000000	0.250000000000	33147.766035801942
-0.000050000000	0.275000000000	39562.363576084012
-0.000050000000	0.300000000000	46451.560119717862
-0.000050000000	0.325000000000	53797.277986165922
-0.000050000000	0.350000000000	61582.453310207602
-0.000050000000	0.375000000000	69790.961623202471
-0.000050000000	0.400000000000	78407.550139834028
-0.000050000000	0.425000000000	87417.776038116222
-0.000050000000	0.450000000000	96807.950107165307
-0.000050000000	0.475000000000	106565.085212104546
-0.000050000000	0.500000000000	116676.849090255535
-0.000045000000	-0.500000000000	238344.230804555438
-0.000045000000	-0.475000000000	208987.322632129770
-0.000045000000	-0.450000000000	182431.682618006627
-0.000045000000	-0.425000000000	158428.192951903678
-0.000045000000	-0.400000000000	136759.558193995821
-0.000045000000	-0.375000000000	117235.105915511580
-0.000045000000	-0.350000000000	99686.607681785361
-0.000045000000	-0.325000000000	83964.889141888867
-0.000045000000	-0.300000000000	69937.056908245097
-0.000045000000	-0.275000000000	57484.212272414814
-0.000045000000	-0.250000000000	46499.552666387768
-0.000045000000	-0.225000000000	36886.784539109729
-0.000045000000	-0.200000000000	28558.788292980469
-0.000045000000	-0.175000000000	21436.488718226930
-0.000045000000	-0.150000000000	15447.894098839790
-0.000045000000	-0.125000000000	10527.274640375448
-0.000045000000	-0.100000000000	6614.456660544821
-0.000045000000	-0.075000000000	3654.213504159826
-0.000045000000	-0.050000000000	1595.737699683088
-0.000045000000	-0.025000000000	392.181691044100
-0.000045000000	0.000000000000	0.256724090640
-0.000045000000	0.025000000000	379.881268928910
-0.000045000000	0.050000000000	1493.871813775548
-0.000045000000	0.075000000000	3307.670046425625
-0.000045000000	0.100000000000	5789.101402729434
-0.000045000000	0.125000000000	8908.160751512642
-0.000045000000	0.150000000000	12636.821636452729
-0.000045000000	0.175000000000	16948.866034449224
-0.000045000000	0.200000000000	21819.732038232156
-0.000045000000	0.225000000000	27226.377245206881
-0.000045000000	0.250000000000	33147.155948277941
-0.000045000000	0.275000000000	39561.708488425400
-0.000045000000	0.300000000000	46450.861351808089
-0.000045000000	0.325000000000	53796.536783180025
-0.000045000000	0.350000000000	61581.670848146205
-0.000045000000	0.375000000000	69790.139013922570
-0.000045000000	0.400000000000	78406.688435630203
-0.000045000000	0.425000000000	87416.876235900811
-0.000045000000	0.450000000000	96807.013152287414
-0.000045000000	0.475000000000	106564.112001845861
-0.000045000000	0.500000000000	116675.840477034901
-0.000040000000	-0.500000000000	238346.321130563359
-0.000040000000	-0.475000000000	208989.216971001908
-0.000040000000	-0.450000000000	182433.397916928981
-0.000040000000	-0.425000000000	158429.743947677081
-0.000040000000	-0.400000000000	136760.957781414763
-0.000040000000	-0.375000000000	117236.365442070688
-0.000040000000	-0.350000000000	99687.737185714417
-0.000040000000	-0.325000000000	83965.897546109438
-0.000040000000	-0.300000000000	69937.952179692918
-0.000040000000	-0.275000000000	57485.001553894726
-0.000040000000	-0.250000000000	46500.242386453181
-0.000040000000	-0.225000000000	36887.380504220528
-0.000040000000	-0.200000000000	28559.295765261631
-0.000040000000	-0.175000000000	21436.912481446117
-0.000040000000	-0.150000000000	15448.238514682727
-0.000040000000	-0.125000000000	10527.543696682136
-0.000040000000	-0.100000000000	6614.654012846478
-0.000040000000	-0.075000000000	3654.342511603161
-0.000040000000	-0.050000000000	1595.801456227400
-0.000040000000	-0.025000000000	392.183052659328
-0.000040000000	0.000000000000	0.198332555497
-0.000040000000	0.025000000000	379.765572727056
-0.000040000000	0.050000000000	1493.701086503960
-0.000040000000	0.075000000000	3307.446403062736
-0.000040000000	0.100000000000	5788.826814054684
-0.000040000000	0.125000000000	8907.837056923665
-0.000040000000	0.150000000000	12636.450555389691
-0.000040000000	0.175000000000	16948.449176603564
-0.000040000000	0.200000000000	21819.270912692238
-0.000040000000	0.225000000000	27225.873268670170
-0.000040000000	0.250000000000	33146.610452442095
-0.000040000000	0.275000000000	39561.122726654874
-0.000040000000	0.300000000000	46450.236505159482
-0.000040000000	0.325000000000	53795.873965859340
-0.000040000000	0.350000000000	61580.971112460320
-0.000040000000	0.375000000000	69789.403354781141
-0.000040000000	0.400000000000	78405.917794645531
-0.000040000000	0.425000000000	87416.071505127329
-0.000040000000	0.450000000000	96806.175177640165
-0.000040000000	0.475000000000	106563.241586227770
-0.000040000000	0.500000000000	116674.938383205037
-0.000035000000	-0.500000000000	238348.166229072260
-0.000035000000	-0.475000000000	208990.889120067906
-0.000035000000	-0.450000000000	182434.912071898580
-0.000035000000	-0.425000000000	158431.113113282539
-0.000035000000	-0.400000000000	136762.193336863245
-0.000035000000	-0.375000000000	117237.477401118071
-0.000035000000	-0.350000000000	99688.734406726755
-0.000035000000	-0.325000000000	83966.787903225602
-0.000035000000	-0.300000000000	69938.742703423704
-0.000035000000	-0.275000000000	57485.698547481101
-0.000035000000	-0.250000000000	46500.851522832665
-0.000035000000	-0.225000000000	36887.906907354030
-0.000035000000	-0.200000000000	28559.744078753523
-0.000035000000	-0.175000000000	21437.286926767432
-0.000035000000	-0.150000000000	15448.542940832438
-0.000035000000	-0.125000000000	10527.781622754317
-0.000035000000	-0.100000000000	6614.828664685334
-0.000035000000	-0.075000000000	3654.456853504845
-0.000035000000	-0.050000000000	1595.858218470738
-0.000035000000	-0.025000000000	392.184755507050
-0.000035000000	0.000000000000	0.147307255215
-0.000035000000	0.025000000000	379.663979951311
-0.000035000000	0.050000000000	1493.550932595233
-0.000035000000	0.075000000000	3307.249554389244
-0.000035000000	0.100000000000	5788.585009735150
-0.000035000000	0.125000000000	8907.551920138059
-0.000035000000	0.150000000000	12636.123603460674
-0.000035000000	0.175000000000	16948.081830005453
-0.000035000000	0.200000000000	21818.864503121484
-0.000035000000	0.225000000000	27225.429046292498
-0.000035000000	0.250000000000	33146.129592414713
-0.000035000000	0.275000000000	39560.606335009346
-0.000035000000	0.300000000000	46449.685624119251
-0.000035000000	0.325000000000	53795.289578654862
-0.000035000000	0.350000000000	61580.354147699458
-0.000035000000	0.375000000000	69788.754690421090
-0.000035000000	0.400000000000	78405.238261610895
-0.000035000000	0.425000000000	87415.361890610846
-0.000035000000	0.450000000000	96805.436228118066
-0.000035000000	0.475000000000	106562.474010220831
-0.000035000000	0.500000000000	116674.142853808196
-0.000030000000	-0.500000000000	238349.766148353112
-0.000030000000	-0.475000000000	208992.339129085129
-0.000030000000	-0.450000000000	182436.225133962813
-0.000030000000	-0.425000000000	158432.300500894606
-0.000030000000	-0.400000000000	136763.264913506078
-0.000030000000	-0.375000000000	117238.441846693429
-0.000030000000	-0.350000000000	99689.599399638813
-0.000030000000	-0.325000000000	83967.560268746704
-0.000030000000	-0.300000000000	69939.428535567131
-0.000030000000	-0.275000000000	57486.303309861811
-0.000030000000	-0.250000000000	46501.380132718055
-0.000030000000	-0.225000000000	36888.363806158653
-0.000030000000	-0.200000000000	28560.133291519425
-0.000030000000	-0.175000000000	21437.612112632189
-0.000030000000	-0.150000000000	15448.807436075918
-0.000030000000	-0.125000000000	10527.988477695751
-0.000030000000	-0.100000000000	6614.980675456234
-0.000030000000	-0.075000000000	3654.556589527922
-0.000030000000	-0.050000000000	1595.908046323831
-0.000030000000	-0.025000000000	392.186859726935
-0.000030000000	0.000000000000	0.103708541678
-0.000030000000	0.025000000000	379.576551150824
-0.000030000000	0.050000000000	1493.421412781942
-0.000030000000	0.075000000000	3307.079561308728
-0.000030000000	0.100000000000	5788.376050834066
-0.000030000000	0.125000000000	8907.305402368365
-0.000030000000	0.150000000000	12635.840842018084
-0.000030000000	0.175000000000	16947.764056138436
-0.000030000000	0.200000000000	21818.512871126732
-0.000030000000	0.225000000000	27225.044639796470
-0.000030000000	0.250000000000	33145.713430027383
-0.000030000000	0.275000000000	39560.159375423362
-0.000030000000	0.300000000000	46449.208770718797
-0.000030000000	0.325000000000	53794.783683690061
-0.000030000000	0.350000000000	61579.820016073732
-0.000030000000	0.375000000000	69788.193083134742
-0.000030000000	0.400000000000	78404.649898896911
-0.000030000000	0.425000000000	87414.747454795623
-0.000030000000	0.450000000000	96804.796366235852
-0.000030000000	0.475000000000	106561.809336406091
-0.000030000000	0.500000000000	116673.453951489253
-0.000025000000	-0.500000000000	238351.120964192960
-0.000025000000	-0.475000000000	208993.567075130471
-0.000025000000	-0.450000000000	182437.337181318027
-0.000025000000	-0.425000000000	158433.306189686817
-0.000025000000	-0.400000000000	136764.172591376177
-0.000025000000	-0.375000000000	117239.258859588430
-0.000025000000	-0.350000000000	99690.332245915954
-0.000025000000	-0.325000000000	83968.214724739257
-0.000025000000	-0.300000000000	69940.009758728484
-0.000025000000	-0.275000000000	57486.815924126306
-0.000025000000	-0.250000000000	46501.828299635963
-0.000025000000	-0.225000000000	36888.751284557133
-0.000025000000	-0.200000000000	28560.463487841920
-0.000025000000	-0.175000000000	21437.888123651195
-0.000025000000	-0.150000000000	15449.032085323866
-0.000025000000	-0.125000000000	10528.164346692216
-0.000025000000	-0.100000000000	6615.110130597515
-0.000025000000	-0.075000000000	3654.641805343529
-0.000025000000	-0.050000000000	1595.951025672457
-0.000025000000	-0.025000000000	392.189451403583
-0.000025000000	0.000000000000	0.067622683772
-0.000025000000	0.025000000000	379.503372765552
-0.000025000000	0.050000000000	1493.312613663334
-0.000025000000	0.075000000000	3306.936510568848
-0.000025000000	0.100000000000	5788.200024237693
-0.000025000000	0.125000000000	8907.097590630450
-0.000025000000	0.150000000000	12635.602358199198
-0.000025000000	0.175000000000	16947.495942253667
-0.000025000000	0.200000000000	21818.216104065865
-0.000025000000	0.225000000000	27224.720136640706
-0.000025000000	0.250000000000	33145.362052833472
-0.000025000000	0.275000000000	39559.781935539540
-0.000025000000	0.300000000000	46448.806032685199
-0.000025000000	0.325000000000	53794.356368771441
-0.000025000000	0.350000000000	61579.368805465063
-0.000025000000	0.375000000000	69787.718620875341
-0.000025000000	0.400000000000	78404.152794524271
-0.000025000000	0.425000000000	87414.228285766716
-0.000025000000	0.450000000000	96804.255680139409
-0.000025000000	0.475000000000	106561.247652987804
-0.000025000000	0.500000000000	116672.871764507465
-0.000020000000	-0.500000000000	238352.230790133326
-0.000020000000	-0.475000000000	208994.573072836094
-0.000020000000	-0.450000000000	182438.248329542839
-0.000020000000	-0.425000000000	158434.130296064715
-0.000020000000	-0.400000000000	136764.916487604904
-0.000020000000	-0.375000000000	117239.928557576364
-0.000020000000	-0.350000000000	99690.933063901335
-0.000020000000	-0.325000000000	83968.751390054487
-0.000020000000	-0.300000000000	69940.486492214084
-0.000020000000	-0.275000000000	57487.236509990675
-0.000020000000	-0.250000000000	46502.196143672139
-0.000020000000	-0.225000000000	36889.069462969885
-0.000020000000	-0.200000000000	28560.734788445927
-0.000020000000	-0.175000000000	21438.115080826658
-0.000020000000	-0.150000000000	15449.217009832082
-0.000020000000	-0.125000000000	10528.309351231757
-0.000020000000	-0.100000000000	6615.217151810841
-0.000020000000	-0.075000000000	3654.712622849879
-0.000020000000	-0.050000000000	1595.987278596530
-0.000020000000	-0.025000000000	392.192652784885
-0.000020000000	0.000000000000	0.039172085100
-0.000020000000	0.025000000000	379.444567343786
-0.000020000000	0.050000000000	1493.224657922213
-0.000020000000	0.075000000000	3306.820524977884
-0.000020000000	0.100000000000	5788.057052871460
-0.000020000000	0.125000000000	8906.928607959211
-0.000020000000	0.150000000000	12635.408275141501
-0.000020000000	0.175000000000	16947.277611584759
-0.000020000000	0.200000000000	21817.974325263087
-0.000020000000	0.225000000000	27224.455660234216
-0.000020000000	0.250000000000	33145.075584322040
-0.000020000000	0.275000000000	39559.474138922320
-0.000020000000	0.300000000000	46448.477533654092
-0.000020000000	0.325000000000	53794.007757602041
-0.000020000000	0.350000000000	61579.000639640224
-0.000020000000	0.375000000000	69787.331427469951
-0.000020000000	0.400000000000	78403.747072377184
-0.000020000000	0.425000000000	87413.804507462599
-0.000020000000	0.450000000000	96803.814293818752
-0.000020000000	0.475000000000	106560.789084004573
-0.000020000000	0.500000000000	116672.396416948308
-0.000015000000	-0.500000000000	238353.095780533913
-0.000015000000	-0.475000000000	208995.357277455099
-0.000015000000	-0.450000000000	182438.958734664950
-0.000015000000	-0.425000000000	158434.772976733366
-0.000015000000	-0.400000000000	136765.496759492467
-0.000015000000	-0.375000000000	117240.451098482852
-0.000015000000	-0.350000000000	99691.402011887229
-0.000015000000	-0.325000000000	83969.170423401010
-0.000015000000	-0.300000000000	69940.858895105455
-0.000015000000	-0.275000000000	57487.565226871702
-0.000015000000	-0.250000000000	46502.483824546085
-0.000015000000	-0.225000000000	36889.318501390801
-0.000015000000	-0.200000000000	28560.947353574440
-0.000015000000	-0.175000000000	21438.293144628711
-0.000015000000	-0.150000000000	15449.362370278448
-0.000015000000	-0.125000000000	10528.423652182655
-0.000015000000	-0.100000000000	6615.301900139466
-0.000015000000	-0.075000000000	3654.769203251486
-0.000015000000	-0.050000000000	1596.016966449173
-0.000015000000	-0.025000000000	392.196625361609
-0.000015000000	0.000000000000	0.018518364002
-0.000015000000	0.025000000000	379.400296622318
-0.000015000000	0.050000000000	1493.157707405658
-0.000015000000	0.075000000000	3306.731766485661
-0.000015000000	0.100000000000	5787.947298781151
-0.000015000000	0.125000000000	8906.798616490203
-0.000015000000	0.150000000000	12635.258755064504
-0.000015000000	0.175000000000	16947.109226430097
-0.000015000000	0.200000000000	21817.787697090771
-0.000015000000	0.225000000000	27224.251373019077
-0.000015000000	0.250000000000	33144.854187000710
-0.000015000000	0.275000000000	39559.236148141194
-0.000015000000	0.300000000000	46448.223436253262
-0.000015000000	0.325000000000	53793.738012864866
-0.000015000000	0.350000000000	61578.715681334310
-0.000015000000	0.375000000000	69787.031665703005
-0.000015000000	0.400000000000	78403.432895287202
-0.000015000000	0.425000000000	87413.476282758988
-0.000015000000	0.450000000000	96803.472370191914
-0.000015000000	0.475000000000	106560.433792414857
-0.000015000000	0.500000000000	116672.028071808032
-0.000010000000	-0.500000000000	238353.716061383195
-0.000010000000	-0.475000000000	208995.919815670699
-0.000010000000	-0.450000000000	182439.468523971213
-0.000010000000	-0.425000000000	158435.234359505586
-0.000010000000	-0.400000000000	136765.913535314554
-0.000010000000	-0.375000000000	117240.826610992401
-0.000010000000	-0.350000000000	99691.739218921051
-0.000010000000	-0.325000000000	83969.471954150154
-0.000010000000	-0.300000000000	69941.127097064076
-0.000010000000	-0.275000000000	57487.802204691630
-0.000010000000	-0.250000000000	46502.691472415696
-0.000010000000	-0.225000000000	36889.498530191107
-0.000010000000	-0.200000000000	28561.101313792507
-0.000010000000	-0.175000000000	21438.422445799333
-0.000010000000	-0.150000000000	15449.468297566380
-0.000010000000	-0.125000000000	10528.507380596486
-0.000010000000	-0.100000000000	6615.364506770872
-0.000010000000	-0.075000000000	3654.811677861116
-0.000010000000	-0.050000000000	1596.040220659028
-0.000010000000	-0.025000000000	392.201500669324
-0.000010000000	0.000000000000	0.005793155285
-0.000010000000	0.025000000000	379.370692328123
-0.000010000000	0.050000000000	1493.111893926432
-0.000010000000	0.075000000000	3306.670366984864
-0.000010000000	0.100000000000	5787.870893934007
-0.000010000000	0.125000000000	8906.707748260540
-0.000010000000	0.150000000000	12635.153930070770
-0.000010000000	0.175000000000	16946.990918953550
-0.000010000000	0.200000000000	21817.656351770263
-0.000010000000	0.225000000000	27224.107407270796
-0.000010000000	0.250000000000	33144.697993195994
-0.000010000000	0.275000000000	39559.068095570779
-0.000010000000	0.300000000000	46448.043872902774
-0.000010000000	0.325000000000	53793.547267022725
-0.000010000000	0.350000000000	61578.514063050694
-0.000010000000	0.375000000000	69786.819468116446
-0.000010000000	0.400000000000	78403.210395832313
-0.000010000000	0.425000000000	87413.243744268693
-0.000010000000	0.450000000000	96803.230041904550
-0.000010000000	0.475000000000	106560.181910895335
-0.000010000000	0.500000000000	116671.766861793294
-0.000005000000	-0.500000000000	238354.091214377375
-0.000005000000	-0.475000000000	208996.260269675869
-0.000005000000	-0.450000000000	182439.777280085837
-0.000005000000	-0.425000000000	158435.514027383004
-0.000005000000	-0.400000000000	136766.166398403671
-0.000005000000	-0.375000000000	117241.054678730303
-0.000005000000	-0.350000000000	99691.944268887877
-0.000005000000	-0.325000000000	83969.655566418514
-0.000005000000	-0.300000000000	69941.290682414110
-0.000005000000	-0.275000000000	57487.947027961534
-0.000005000000	-0.250000000000	46502.818671960376
-0.000005000000	-0.225000000000	36889.609134202969
-0.000005000000	-0.200000000000	28561.196254071212
-0.000005000000	-0.175000000000	21438.502569435906
-0.000005000000	-0.150000000000	15449.534376908974
-0.000005000000	-0.125000000000	10528.560121792252
-0.000005000000	-0.100000000000	6615.404557121692
-0.000005000000	-0.075000000000	3654.839632185050
-0.000005000000	-0.050000000000	1596.056626815121
-0.000005000000	-0.025000000000	392.206864373806
-0.000005000000	0.000000000000	0.000582195751
-0.000005000000	0.025000000000	379.355340263997
-0.000005000000	0.050000000000	1493.086803348730
-0.000005000000	0.075000000000	3306.635912396884
-0.000005000000	0.100000000000	5787.827424304949
-0.000005000000	0.125000000000	8906.655589294998
-0.000005000000	0.150000000000	12635.093386231840
-0.000005000000	0.175000000000	16946.922275270605
-0.000005000000	0.200000000000	21817.579875458352
-0.000005000000	0.225000000000	27224.023349184910
-0.000005000000	0.250000000000	33144.606589139956
-0.000005000000	0.275000000000	39558.969567477587
-0.000005000000	0.300000000000	46447.938429901631
-0.000005000000	0.325000000000	53793.435106405304
-0.000005000000	0.350000000000	61578.395371148261
-0.000005000000	0.375000000000	69786.694421096530
-0.000005000000	0.400000000000	78403.079160425143
-0.000005000000	0.425000000000	87413.106478429181
-0.000005000000	0.450000000000	96803.086895417291
-0.000005000000	0.475000000000	106560.033025929268
-0.000005000000	0.500000000000	116671.612373408483
0.000000000000	-0.500000000000	238354.218351615302
0.000000000000	-0.475000000000	208996.375751867570
0.000000000000	-0.450000000000	182439.882115663699
0.000000000000	-0.425000000000	158435.609093245846
0.000000000000	-0.400000000000	136766.252461838274
0.000000000000	-0.375000000000	117241.132414949665
0.000000000000	-0.350000000000	99692.014275196285
0.000000000000	-0.325000000000	83969.718373753261
0.000000000000	-0.300000000000	69941.346764826798
0.000000000000	-0.275000000000	57487.996810464079
0.000000000000	-0.250000000000	46502.862537063796
0.000000000000	-0.225000000000	36889.647427401091
0.000000000000	-0.200000000000	28561.229288468057
0.000000000000	-0.175000000000	21438.530629671626
0.000000000000	-0.150000000000	15449.557722508465
0.000000000000	-0.125000000000	10528.578990035485
0.000000000000	-0.100000000000	6615.419165515435
0.000000000000	-0.075000000000	3654.850180600484
0.000000000000	-0.050000000000	1596.063299344074
0.000000000000	-0.025000000000	392.209830947239
0.000000000000	0.000000000000	0.000000000000
0.000000000000	0.025000000000	379.351354983849
0.000000000000	0.050000000000	1493.079550263048
0.000000000000	0.075000000000	3306.625517346444
0.000000000000	0.100000000000	5787.814004550502
0.000000000000	0.125000000000	8906.639254279955
0.000000000000	0.150000000000	12635.074238261994
0.000000000000	0.175000000000	16946.900410121627
0.000000000000	0.200000000000	21817.555382919949
0.000000000000	0.225000000000	27223.996313549516
0.000000000000	0.250000000000	33144.577089642378
0.000000000000	0.275000000000	39558.937678691829
0.000000000000	0.300000000000	46447.904222099372
0.000000000000	0.325000000000	53793.398645880647
0.000000000000	0.350000000000	61578.356720512165
0.000000000000	0.375000000000	69786.653639544951
0.000000000000	0.400000000000	78403.036303982750
0.000000000000	0.425000000000	87413.061600171932
0.000000000000	0.450000000000	96803.040045676084
0.000000000000	0.475000000000	106559.984252475449
0.000000000000	0.500000000000	116671.561721625301
0.000005000000	-0.500000000000	238354.093992692884
0.000005000000	-0.475000000000	208996.262781942467
0.000005000000	-0.450000000000	182439.779550489591
0.000005000000	-0.425000000000	158435.516076955304
0.000005000000	-0.400000000000	136766.168245546985
0.000005000000	-0.375000000000	117241.056339638832
0.000005000000	-0.350000000000	99691.945757887326
0.000005000000	-0.325000000000	83969.656896242828
0.000005000000	-0.300000000000	69941.291864432860
0.000005000000	-0.275000000000	57487.948072368097
0.000005000000	-0.250000000000	46502.819587928927
0.000005000000	-0.225000000000	36889.609930019702
0.000005000000	-0.200000000000	28561.196937245630
0.000005000000	-0.175000000000	21438.503146794777
0.000005000000	-0.150000000000	15449.534854676718
0.000005000000	-0.125000000000	10528.560505659734
0.000005000000	-0.100000000000	6615.404852305556
0.000005000000	-0.075000000000	3654.839843479076
0.000005000000	-0.050000000000	1596.056758634496
0.000005000000	-0.025000000000	392.206920794068
0.000005000000	0.000000000000	0.000566986910
0.000005000000	0.025000000000	379.355256920120
0.000005000000	0.050000000000	1493.086655114338
0.000005000000	0.075000000000	3306.635702290149
0.000005000000	0.100000000000	5787.827155138193
0.000005000000	0.125000000000	8906.655263693157
0.000005000000	0.150000000000	12635.093006648574
0.000005000000	0.175000000000	16946.921844002976
0.000005000000	0.200000000000	21817.579394659875
0.000005000000	0.225000000000	27224.022820877279
0.000005000000	0.250000000000	33144.606015223464
0.000005000000	0.275000000000	39558.968949740847
0.000005000000	0.300000000000	46447.937770030076
0.000005000000	0.325000000000	53793.434405988861
0.000005000000	0.350000000000	61578.394631688614
0.000005000000	0.375000000000	69786.693644013430
0.000005000000	0.400000000000	78403.078347062241
0.000005000000	0.425000000000	87413.105630059479
0.000005000000	0.450000000000	96803.086013247899
0.000005000000	0.475000000000	106560.032111105975
0.000005000000	0.500000000000	116671.611427019685
0.000010000000	-0.500000000000	238353.721583338309
0.000010000000	-0.475000000000	208995.924805531133
0.000010000000	-0.450000000000	182439.473030108871
0.000010000000	-0.425000000000	158435.238423982926
0.000010000000	-0.400000000000	136765.917194936163
0.000010000000	-0.375000000000	117240.829898146578
0.000010000000	-0.350000000000	99691.742162258844
0.000010000000	-0.325000000000	83969.474579139234
0.000010000000	-0.300000000000	69941.129426443484
0.000010000000	-0.275000000000	57487.804258848068
0.000010000000	-0.250000000000	46502.693269697244
0.000010000000	-0.225000000000	36889.500087170229
0.000010000000	-0.200000000000	28561.102645487998
0.000010000000	-0.175000000000	21438.423565864672
0.000010000000	-0.150000000000	15449.469218450313
0.000010000000	-0.125000000000	10528.508113680706
0.000010000000	-0.100000000000	6615.365062488714
0.000010000000	-0.075000000000	3654.812065799799
0.000010000000	-0.050000000000	1596.040449649082
0.000010000000	-0.025000000000	392.201578861841
0.000010000000	0.000000000000	0.005728090138
0.000010000000	0.025000000000	379.370490993428
0.000010000000	0.050000000000	1493.111562811222
0.000010000000	0.075000000000	3306.669912125345
0.000010000000	0.100000000000	5787.870320954957
0.000010000000	0.125000000000	8906.707062411657
0.000010000000	0.150000000000	12635.153136259451
0.000010000000	0.175000000000	16946.990021773890
0.000010000000	0.200000000000	21817.655355529252
0.000010000000	0.225000000000	27224.106316011741
0.000010000000	0.250000000000	33144.696810719637
0.000010000000	0.275000000000	39559.066825454218
0.000010000000	0.300000000000	46448.042518516813
0.000010000000	0.325000000000	53793.545831547235
0.000010000000	0.350000000000	61578.512549489074
0.000010000000	0.375000000000	69786.817879308102
0.000010000000	0.400000000000	78403.208734464686
0.000010000000	0.425000000000	87413.242012887698
0.000010000000	0.450000000000	96803.228242924393
0.000010000000	0.475000000000	106560.180046607595
0.000010000000	0.500000000000	116671.764934374747
0.000015000000	-0.500000000000	238353.104036884004
0.000015000000	-0.475000000000	208995.364735669602
0.000015000000	-0.450000000000	182438.965467300586
0.000015000000	-0.425000000000	158434.779046883108
0.000015000000	-0.400000000000	136765.502222362877
0.000015000000	-0.375000000000	117240.456002655657
0.000015000000	-0.350000000000	99691.406400338688
0.000015000000	-0.325000000000	83969.174334332260
0.000015000000	-0.300000000000	69940.862362624786
0.000015000000	-0.275000000000	57487.568281558895
0.000015000000	-0.250000000000	46502.486493923047
0.000015000000	-0.225000000000	36889.320810316043
0.000015000000	-0.200000000000	28560.949324575940
0.000015000000	-0.175000000000	21438.294798186493
0.000015000000	-0.150000000000	15449.363725065563
0.000015000000	-0.125000000000	10528.424725271538
0.000015000000	-0.100000000000	6615.302707179870
0.000015000000	-0.075000000000	3654.769758624364
0.000015000000	-0.050000000000	1596.017283400065
0.000015000000	-0.025000000000	392.196716117117
0.000015000000	0.000000000000	0.018394233880
0.000015000000	0.025000000000	379.399968088699
0.000015000000	0.050000000000	1493.157184201973
0.000015000000	0.075000000000	3306.731057666276
0.000015000000	0.100000000000	5787.946412783082
0.000015000000	0.125000000000	8906.797561188036
0.000015000000	0.150000000000	12635.257537819183
0.000015000000	0.175000000000	16947.107854132810
0.000015000000	0.200000000000	21817.786176201967
0.000015000000	0.225000000000	27224.249709603711
0.000015000000	0.250000000000	33144.852386759761
0.000015000000	0.275000000000	39559.234216440382
0.000015000000	0.300000000000	46448.221378148672
0.000015000000	0.325000000000	53793.735833126448
0.000015000000	0.350000000000	61578.713384467017
0.000015000000	0.375000000000	69787.029255965972
0.000015000000	0.400000000000	78403.430376711578
0.000015000000	0.425000000000	87413.473659163559
0.000015000000	0.450000000000	96803.469645198071
0.000015000000	0.475000000000	106560.430969459834
0.000015000000	0.500000000000	116672.025154157207
0.000020000000	-0.500000000000	238352.241780921555
0.000020000000	-0.475000000000	208994.582999455219
0.000020000000	-0.450000000000	182438.257288733614
0.000020000000	-0.425000000000	158434.138371949986
0.000020000000	-0.400000000000	136764.923753792187
0.000020000000	-0.375000000000	117239.935078840383
0.000020000000	-0.350000000000	99690.938897543063
0.000020000000	-0.325000000000	83968.756587008043
0.000020000000	-0.300000000000	69940.491097956576
0.000020000000	-0.275000000000	57487.240565294705
0.000020000000	-0.250000000000	46502.199685233099
0.000020000000	-0.225000000000	36889.072523932104
0.000020000000	-0.200000000000	28560.737398846395
0.000020000000	-0.175000000000	21438.117267971807
0.000020000000	-0.150000000000	15449.218798619029
0.000020000000	-0.125000000000	10528.310764423555
0.000020000000	-0.100000000000	6615.218210273644
0.000020000000	-0.075000000000	3654.713345758036
0.000020000000	-0.050000000000	1595.987683610560
0.000020000000	-0.025000000000	392.192756206940
0.000020000000	0.000000000000	0.038988994598
0.000020000000	0.025000000000	379.444111716836
0.000020000000	0.050000000000	1493.223942736596
0.000020000000	0.075000000000	3306.819562305951
0.000020000000	0.100000000000	5788.055853962550
0.000020000000	0.125000000000	8906.927183312626
0.000020000000	0.150000000000	12635.406634571815
0.000020000000	0.175000000000	16947.275764280126
0.000020000000	0.200000000000	21817.972279837399
0.000020000000	0.225000000000	27224.453424773979
0.000020000000	0.250000000000	33145.073166428556
0.000020000000	0.275000000000	39559.471545749780
0.000020000000	0.300000000000	46448.474771943933
0.000020000000	0.325000000000	53794.004833714178
0.000020000000	0.350000000000	61578.997559581141
0.000020000000	0.375000000000	69787.328196918563
0.000020000000	0.400000000000	78403.743696708261
0.000020000000	0.425000000000	87413.800991767828
0.000020000000	0.450000000000	96803.810642926663
0.000020000000	0.475000000000	106560.785302498043
0.000020000000	0.500000000000	116672.392509181067
0.000025000000	-0.500000000000	238351.134690609237
0.000025000000	-0.475000000000	208993.579471353994
0.000025000000	-0.450000000000	182437.348368272476
0.000025000000	-0.425000000000	158433.316272523341
0.000025000000	-0.400000000000	136764.181662102608
0.000025000000	-0.375000000000	117239.266999171741
0.000025000000	-0.350000000000	99690.339525981020
0.000025000000	-0.325000000000	83968.221208952775
0.000025000000	-0.300000000000	69940.015503935894
0.000025000000	-0.275000000000	57486.820981292643
0.000025000000	-0.250000000000	46501.832714629723
0.000025000000	-0.225000000000	36888.755098808047
0.000025000000	-0.200000000000	28560.466738895833
0.000025000000	-0.175000000000	21437.890845640650
0.000025000000	-0.150000000000	15449.034309369797
0.000025000000	-0.125000000000	10528.166101248120
0.000025000000	-0.100000000000	6615.111441745726
0.000025000000	-0.075000000000	3654.642697051674
0.000025000000	-0.050000000000	1595.951520016042
0.000025000000	-0.025000000000	392.189568760022
0.000025000000	0.000000000000	0.067381902121
0.000025000000	0.025000000000	379.502791315747
0.000025000000	0.050000000000	1493.311707767422
0.000025000000	0.075000000000	3306.935295317174
0.000025000000	0.100000000000	5788.198513691736
0.000025000000	0.125000000000	8907.095797914182
0.000025000000	0.150000000000	12635.600295580787
0.000025000000	0.175000000000	16947.493621218138
0.000025000000	0.200000000000	21818.213535380513
0.000025000000	0.225000000000	27224.717330413539
0.000025000000	0.250000000000	33145.359018566101
0.000025000000	0.275000000000	39559.778682174598
0.000025000000	0.300000000000	46448.802568649407
0.000025000000	0.325000000000	53794.352702014592
0.000025000000	0.350000000000	61579.364943495282
0.000025000000	0.375000000000	69787.714570791184
0.000025000000	0.400000000000	78404.148563044015
0.000025000000	0.425000000000	87414.223879255049
0.000025000000	0.450000000000	96804.251104631985
0.000025000000	0.475000000000	106561.242914213100
0.000025000000	0.500000000000	116672.866867907738
0.000030000000	-0.500000000000	238349.782611350907
0.000030000000	-0.475000000000	208992.353995879705
0.000030000000	-0.450000000000	182436.238549658796
0.000030000000	-0.425000000000	158432.312591670430
0.000030000000	-0.400000000000	136763.275789768551
0.000030000000	-0.375000000000	117238.451605600654
0.000030000000	-0.350000000000	99689.608127138825
0.000030000000	-0.325000000000	83967.568041237988
0.000030000000	-0.300000000000	69939.435421262824
0.000030000000	-0.275000000000	57486.309369918650
0.000030000000	-0.250000000000	46501.385422177358
0.000030000000	-0.225000000000	36888.368374735262
0.000030000000	-0.200000000000	28560.137184267402
0.000030000000	-0.175000000000	21437.615370509979
0.000030000000	-0.150000000000	15448.810096427984
0.000030000000	-0.125000000000	10527.990574665804
0.000030000000	-0.100000000000	6614.982240342521
0.000030000000	-0.075000000000	3654.557651091268
0.000030000000	-0.050000000000	1595.908631054327
0.000030000000	-0.025000000000	392.186992077123
0.000030000000	0.000000000000	0.103411130192
0.000030000000	0.025000000000	379.575844941267
0.000030000000	0.050000000000	1493.420317240533
0.000030000000	0.075000000000	3307.078094543648
0.000030000000	0.100000000000	5788.374229718819
0.000030000000	0.125000000000	8907.303242651584
0.000030000000	0.150000000000	12635.838358421341
0.000030000000	0.175000000000	16947.761262443666
0.000030000000	0.200000000000	21818.509780254437
0.000030000000	0.225000000000	27225.041263876239
0.000030000000	0.250000000000	33145.709780460907
0.000030000000	0.275000000000	39560.155462941751
0.000030000000	0.300000000000	46449.204605434010
0.000030000000	0.325000000000	53794.779275141729
0.000030000000	0.350000000000	61579.815373271478
0.000030000000	0.375000000000	69788.188214596768
0.000030000000	0.400000000000	78404.644812685161
0.000030000000	0.425000000000	87414.742158547611
0.000030000000	0.450000000000	96804.790867194140
0.000030000000	0.475000000000	106561.803641444945
0.000030000000	0.500000000000	116673.448067139267
0.000035000000	-0.500000000000	238348.185429289559
0.000035000000	-0.475000000000	208990.906458086509
0.000035000000	-0.450000000000	182434.927717002167
0.000035000000	-0.425000000000	158431.127212675026
0.000035000000	-0.400000000000	136762.206019348931
0.000035000000	-0.375000000000	117237.488780045227
0.000035000000	-0.350000000000	99688.744582365529
0.000035000000	-0.325000000000	83966.796964705369
0.000035000000	-0.300000000000	69938.750730324609
0.000035000000	-0.275000000000	57485.705611151032
0.000035000000	-0.250000000000	46500.857687485070
0.000035000000	-0.225000000000	36887.912230988302
0.000035000000	-0.200000000000	28559.748613931733
0.000035000000	-0.175000000000	21437.290721273406
0.000035000000	-0.150000000000	15448.546038233988
0.000035000000	-0.125000000000	10527.784062884921
0.000035000000	-0.100000000000	6614.830484059047
0.000035000000	-0.075000000000	3654.458085675248
0.000035000000	-0.050000000000	1595.858894342558
0.000035000000	-0.025000000000	392.184903607729
0.000035000000	0.000000000000	0.146953972632
0.000035000000	0.025000000000	379.663149742668
0.000035000000	0.050000000000	1493.549648170789
0.000035000000	0.075000000000	3307.247836874858
0.000035000000	0.100000000000	5788.582878816300
0.000035000000	0.125000000000	8907.549394187905
0.000035000000	0.150000000000	12636.120699654160
0.000035000000	0.175000000000	16948.078564421208
0.000035000000	0.200000000000	21818.860890833286
0.000035000000	0.225000000000	27225.425101451299
0.000035000000	0.250000000000	33146.125328322341
0.000035000000	0.275000000000	39560.601764185267
0.000035000000	0.300000000000	46449.680758360570
0.000035000000	0.325000000000	53795.284429091043
0.000035000000	0.350000000000	61580.348724841599
0.000035000000	0.375000000000	69788.749004206999
0.000035000000	0.400000000000	78405.232321445990
0.000035000000	0.425000000000	87415.355705405527
0.000035000000	0.450000000000	96805.429806321859
0.000035000000	0.475000000000	106562.467359853719
0.000035000000	0.500000000000	116674.135982488981
0.000040000000	-0.500000000000	238346.343068378919
0.000040000000	-0.475000000000	208989.236780641106
0.000040000000	-0.450000000000	182433.415791852050
0.000040000000	-0.425000000000	158429.760056111583
0.000040000000	-0.400000000000	136760.972270560800
0.000040000000	-0.375000000000	117236.378441465262
0.000040000000	-0.350000000000	99687.748809948665
0.000040000000	-0.325000000000	83965.907897042591
0.000040000000	-0.300000000000	69937.961348271259
0.000040000000	-0.275000000000	57485.009621656667
0.000040000000	-0.250000000000	46500.249426783586
0.000040000000	-0.225000000000	36887.386583402782
0.000040000000	-0.200000000000	28559.300943365284
0.000040000000	-0.175000000000	21436.916813080061
0.000040000000	-0.150000000000	15448.242049637567
0.000040000000	-0.125000000000	10527.546480480847
0.000040000000	-0.100000000000	6614.656087218627
0.000040000000	-0.075000000000	3654.343914894859
0.000040000000	-0.050000000000	1595.802223757620
0.000040000000	-0.025000000000	392.183217030219
0.000040000000	0.000000000000	0.197923924163
0.000040000000	0.025000000000	379.764619043983
0.000040000000	0.050000000000	1493.699613723289
0.000040000000	0.075000000000	3307.444435327884
0.000040000000	0.100000000000	5788.824373862964
0.000040000000	0.125000000000	8907.834165272618
0.000040000000	0.150000000000	12636.447231907461
0.000040000000	0.175000000000	16948.445439665502
0.000040000000	0.200000000000	21819.266779525216
0.000040000000	0.225000000000	27225.868755446438
0.000040000000	0.250000000000	33146.605574363581
0.000040000000	0.275000000000	39561.117498029285
0.000040000000	0.300000000000	46450.230939469082
0.000040000000	0.325000000000	53795.868075823193
0.000040000000	0.350000000000	61580.964910091046
0.000040000000	0.375000000000	69789.396851436060
0.000040000000	0.400000000000	78405.911001073575
0.000040000000	0.425000000000	87416.064431511593
0.000040000000	0.450000000000	96806.167833637242
0.000040000000	0.475000000000	106563.233981003068
0.000040000000	0.500000000000	116674.930525465868
0.000045000000	-0.500000000000	238344.255480162625
0.000045000000	-0.475000000000	208987.344913603098
0.000045000000	-0.450000000000	182431.702722980292
0.000045000000	-0.425000000000	158428.211069626617
0.000045000000	-0.400000000000	136759.574490062194
0.000045000000	-0.375000000000	117235.120535645445
0.000045000000	-0.350000000000	99686.620754897478
0.000045000000	-0.325000000000	83964.900782567274
0.000045000000	-0.300000000000	69937.067218801152
0.000045000000	-0.275000000000	57484.221344576523
0.000045000000	-0.250000000000	46499.560582710765
0.000045000000	-0.225000000000	36886.791374160784
0.000045000000	-0.200000000000	28558.794114336040
0.000045000000	-0.175000000000	21436.493587320365
0.000045000000	-0.150000000000	15447.898071684143
0.000045000000	-0.125000000000	10527.277768182830
0.000045000000	-0.100000000000	6614.458990259796
0.000045000000	-0.075000000000	3654.215078920880
0.000045000000	-0.050000000000	1595.738559223107
0.000045000000	-0.025000000000	392.181872039751
0.000045000000	0.000000000000	0.256260467843
0.000045000000	0.025000000000	379.880192131416
0.000045000000	0.050000000000	1493.870153001140
0.000045000000	0.075000000000	3307.667828835072
0.000045000000	0.100000000000	5789.098653631756
0.000045000000	0.125000000000	8908.157494529598
0.000045000000	0.150000000000	12636.817893665620
0.000045000000	0.175000000000	16948.861826529894
0.000045000000	0.200000000000	21819.727384560538
0.000045000000	0.225000000000	27226.372163976408
0.000045000000	0.250000000000	33147.150456590512
0.000045000000	0.275000000000	39561.702602376863
0.000045000000	0.300000000000	46450.855086565745
0.000045000000	0.325000000000	53796.530153052707
0.000045000000	0.350000000000	61581.663866647825
0.000045000000	0.375000000000	69790.131693829870
0.000045000000	0.400000000000	78406.680789035599
0.000045000000	0.425000000000	87416.868274260167
0.000045000000	0.450000000000	96807.004886464099
0.000045000000	0.475000000000	106564.103442150910
0.000045000000	0.500000000000	116675.831633263821
0.000050000000	-0.500000000000	238341.922635767260
0.000050000000	-0.475000000000	208985.230826416053
0.000050000000	-0.450000000000	182429.788478369941
0.000050000000	-0.425000000000	158426.480219927616
0.000050000000	-0.400000000000	136758.012643439986
0.000050000000	-0.375000000000	117233.715027182508
0.000050000000	-0.350000000000	99685.360380929327
0.000050000000	-0.325000000000	83963.775584212475
0.000050000000	-0.300000000000	69936.068304144588
0.000050000000	-0.275000000000	57483.340741508975
0.000050000000	-0.250000000000	46498.791116294480
0.000050000000	-0.225000000000	36886.126563773440
0.000050000000	-0.200000000000	28558.228086885450
0.000050000000	-0.175000000000	21436.021003607679
0.000050000000	-0.150000000000	15447.514063595660
0.000050000000	-0.125000000000	10526.977884854032
0.000050000000	-0.100000000000	6614.239151716180
0.000050000000	-0.075000000000	3654.071535983332
0.000050000000	-0.050000000000	1595.667858688844
0.000050000000	-0.025000000000	392.180826326651
0.000050000000	0.000000000000	0.321921053785
0.000050000000	0.025000000000	380.009826231771
0.000050000000	0.050000000000	1494.061223023362
0.000050000000	0.075000000000	3307.917974221764
0.000050000000	0.100000000000	5789.405674767248
0.000050000000	0.125000000000	8908.519338434331
0.000050000000	0.150000000000	12637.232641245730
0.000050000000	0.175000000000	16949.327681182942
0.000050000000	0.200000000000	21820.242661968303
0.000050000000	0.225000000000	27226.935282939055
0.000050000000	0.250000000000	33147.759930777298
0.000050000000	0.275000000000	39562.357032885797
0.000050000000	0.300000000000	46451.553155198417
0.000050000000	0.325000000000	53797.270616223541
0.000050000000	0.350000000000	61582.445549857490
0.000050000000	0.375000000000	69790.953486640807
0.000050000000	0.400000000000	78407.541640496551
0.000050000000	0.425000000000	87417.767188731479
0.000050000000	0.450000000000	96807.940919803572
0.000050000000	0.475000000000	106565.075698222281
0.000050000000	0.500000000000	116676.839260736509
0.000055000000	-0.500000000000	238339.344520454528
0.000055000000	-0.475000000000	208982.894502461219
0.000055000000	-0.450000000000	182427.673039770569
0.000055000000	-0.425000000000	158424.567487338907
0.000055000000	-0.400000000000	136756.286709765729
0.000055000000	-0.375000000000	117232.161894041506
0.000055000000	-0.350000000000	99683.967665026954
0.000055000000	-0.325000000000	83962.532278084545
0.000055000000	-0.300000000000	69934.964579622800
0.000055000000	-0.275000000000	57482.367787069161
0.000055000000	-0.250000000000	46497.941001512445
0.000055000000	-0.225000000000	36885.392125641069
0.000055000000	-0.200000000000	28557.602833889065
0.000055000000	-0.175000000000	21435.499034339227
0.000055000000	-0.150000000000	15447.089997332128
0.000055000000	-0.125000000000	10526.646802053630
0.000055000000	-0.100000000000	6613.996542778599
0.000055000000	-0.075000000000	3653.913256933816
0.000055000000	-0.050000000000	1595.590092693126
0.000055000000	-0.025000000000	392.180050139681
0.000055000000	0.000000000000	0.394875662001
0.000055000000	0.025000000000	380.153491075656
0.000055000000	0.050000000000	1494.272793288387
0.000055000000	0.075000000000	3308.194840770090
0.000055000000	0.100000000000	5789.745406349468
0.000055000000	0.125000000000	8908.919665877938
0.000055000000	0.150000000000	12637.691443361953
0.000055000000	0.175000000000	16949.842972172919
0.000055000000	0.200000000000	21820.812580140882
0.000055000000	0.225000000000	27227.558080580078
0.000055000000	0.250000000000	33148.433965031727
0.000055000000	0.275000000000	39563.080757533680
0.000055000000	0.300000000000	46452.325113221770
0.000055000000	0.325000000000	53798.089433074325
0.000055000000	0.350000000000	61583.309927348782
0.000055000000	0.375000000000	69791.862197393755
0.000055000000	0.400000000000	78408.493522882403
0.000055000000	0.425000000000	87418.761142258270
0.000055000000	0.450000000000	96808.975900899328
0.000055000000	0.475000000000	106566.150716376491
0.000055000000	0.500000000000	116677.953374962599
0.000060000000	-0.500000000000	238336.521130060370
0.000060000000	-0.475000000000	208980.335935495881
0.000060000000	-0.450000000000	182425.356399135460
0.000060000000	-0.425000000000	158422.472862237861
0.000060000000	-0.400000000000	136754.396678032412
0.000060000000	-0.375000000000	117230.461123992238
0.000060000000	-0.350000000000	99682.442593874031
0.000060000000	-0.325000000000	83961.170849898423
0.000060000000	-0.300000000000	69933.756030082615
0.000060000000	-0.275000000000	57481.302465323344
0.000060000000	-0.250000000000	46497.010221726239
0.000060000000	-0.225000000000	36884.588042486816
0.000060000000	-0.200000000000	28556.918337489871
0.000060000000	-0.175000000000	21434.927661129102
0.000060000000	-0.150000000000	15446.625854024145
0.000060000000	-0.125000000000	10526.284500469143
0.000060000000	-0.100000000000	6613.731143727401
0.000060000000	-0.075000000000	3653.740221677632
0.000060000000	-0.050000000000	1595.505240795101
0.000060000000	-0.025000000000	392.179522717551
0.000060000000	0.000000000000	0.475103234308
0.000060000000	0.025000000000	380.311165329001
0.000060000000	0.050000000000	1494.504842205585
0.000060000000	0.075000000000	3308.498406650103
0.000060000000	0.100000000000	5790.117826325144
0.000060000000	0.125000000000	8909.358454598299
0.000060000000	0.150000000000	12638.194277556535
0.000060000000	0.175000000000	16950.407676858511
0.000060000000	0.200000000000	21821.437116264675
0.000060000000	0.225000000000	27228.240533923879
0.000060000000	0.250000000000	33149.172536225495
0.000060000000	0.275000000000	39563.873753048290
0.000060000000	0.300000000000	46453.170937227726
0.000060000000	0.325000000000	53798.986580068449
0.000060000000	0.350000000000	61584.256975463803
0.000060000000	0.375000000000	69792.857802315688
0.000060000000	0.400000000000	78409.536412311485
0.000060000000	0.425000000000	87419.850110855114
0.000060000000	0.450000000000	96810.109805667715
0.000060000000	0.475000000000	106567.328472436304
0.000060000000	0.500000000000	116679.173951676028
0.000065000000	-0.500000000000	238333.452468587115
0.000065000000	-0.475000000000	208977.555127246509
0.000065000000	-0.450000000000	182422.838556215982
0.000065000000	-0.425000000000	158420.196342651150
0.000065000000	-0.400000000000	136752.342544750922
0.000065000000	-0.375000000000	117228.612712206217
0.000065000000	-0.350000000000	99680.785161453037
0.000065000000	-0.325000000000	83959.691292575735
0.000065000000	-0.300000000000	69932.442647495729
0.000065000000	-0.275000000000	57480.144767388541
0.000065000000	-0.250000000000	46495.998767281329
0.000065000000	-0.225000000000	36883.714303957255
0.000065000000	-0.200000000000	28556.174586699388
0.000065000000	-0.175000000000	21434.306872409903
0.000065000000	-0.150000000000	15446.121621575076
0.000065000000	-0.125000000000	10525.890967518852
0.000065000000	-0.100000000000	6613.442941535097
0.000065000000	-0.075000000000	3653.552416776684
0.000065000000	-0.050000000000	1595.413289177565
0.000065000000	-0.025000000000	392.179229892379
0.000065000000	0.000000000000	0.562589277778
0.000065000000	0.025000000000	380.482834197004
0.000065000000	0.050000000000	1494.757354699154
0.000065000000	0.075000000000	3308.828656524186
0.000065000000	0.100000000000	5790.522919112192
0.000065000000	0.125000000000	8909.835688784568
0.000065000000	0.150000000000	12638.741127804513
0.000065000000	0.175000000000	16951.021779013925
0.000065000000	0.200000000000	21822.116253925218
0.000065000000	0.225000000000	27228.982626378522
0.000065000000	0.250000000000	33149.975627599590
0.000065000000	0.275000000000	39564.736002513127
0.000065000000	0.300000000000	46454.090610151121
0.000065000000	0.325000000000	53799.962040000435
0.000065000000	0.350000000000	61585.286676863987
0.000065000000	0.375000000000	69793.940283942167
0.000065000000	0.400000000000	78410.670291199727
0.000065000000	0.425000000000	87421.034076824973
0.000065000000	0.450000000000	96811.342616303999
0.000065000000	0.475000000000	106568.608948494890
0.000065000000	0.500000000000	116680.500972872702
0.000070000000	-0.500000000000	238330.138546610455
0.000070000000	-0.475000000000	208974.552085814881
0.000070000000	-0.450000000000	182420.119516966981
0.000070000000	-0.425000000000	158417.737932657677
0.000070000000	-0.400000000000	136750.124312352244
0.000070000000	-0.375000000000	117226.616659658772
0.000070000000	-0.350000000000	99678.995367446463
0.000070000000	-0.325000000000	83958.093604645968
0.000070000000	-0.300000000000	69931.024429358484
0.000070000000	-0.275000000000	57478.894689831912
0.000070000000	-0.250000000000	46494.906633906023
0.000070000000	-0.225000000000	36882.770905020931
0.000070000000	-0.200000000000	28555.371575795427
0.000070000000	-0.175000000000	21433.636661829962
0.000070000000	-0.150000000000	15445.577293057820
0.000070000000	-0.125000000000	10525.466195748166
0.000070000000	-0.100000000000	6613.131928262445
0.000070000000	-0.075000000000	3653.349833845243
0.000070000000	-0.050000000000	1595.314229042724
0.000070000000	-0.025000000000	392.179162485145
0.000070000000	0.000000000000	0.657324259831
0.000070000000	0.025000000000	380.668487818773
0.000070000000	0.050000000000	1495.030320602731
0.000070000000	0.075000000000	3309.185579941178
0.000070000000	0.100000000000	5790.960673993526
0.000070000000	0.125000000000	8910.351357471112
0.000070000000	0.150000000000	12639.331982907377
0.000070000000	0.175000000000	16951.685267222241
0.000070000000	0.200000000000	21822.849981500440
0.000070000000	0.225000000000	27229.784346128970
0.000070000000	0.250000000000	33150.843227157369
0.000070000000	0.275000000000	39565.667493760251
0.000070000000	0.300000000000	46455.084119662322
0.000070000000	0.325000000000	53801.015800387700
0.000070000000	0.350000000000	61586.399018922290
0.000070000000	0.375000000000	69795.109629509272
0.000070000000	0.400000000000	78411.895146653420
0.000070000000	0.425000000000	87422.313027150783
0.000070000000	0.450000000000	96812.674319674334
0.000070000000	0.475000000000	106569.992131307285
0.000070000000	0.500000000000	116681.934425201733
0.000075000000	-0.500000000000	238326.579380150884
0.000075000000	-0.475000000000	208971.326824550051
0.000075000000	-0.450000000000	182417.199292419129
0.000075000000	-0.425000000000	158415.097641263477
0.000075000000	-0.400000000000	136747.741988063062
0.000075000000	-0.375000000000	117224.472972004412
0.000075000000	-0.350000000000	99677.073216113014
0.000075000000	-0.325000000000	83956.377789122605
0.000075000000	-0.300000000000	69929.501377568988
0.000075000000	-0.275000000000	57477.552233548267
0.000075000000	-0.250000000000	46493.733821589529
0.000075000000	-0.225000000000	36881.757844846470
0.000075000000	-0.200000000000	28554.509303201154
0.000075000000	-0.175000000000	21432.917027132746
0.000075000000	-0.150000000000	15444.992865594591
0.000075000000	-0.125000000000	10525.010181709786
0.000075000000	-0.100000000000	6612.798099938775
0.000075000000	-0.075000000000	3653.132468430704
0.000075000000	-0.050000000000	1595.208055492914
0.000075000000	-0.025000000000	392.179315186390
0.000075000000	0.000000000000	0.759302489485
0.000075000000	0.025000000000	380.868120148832
0.000075000000	0.050000000000	1495.323733540963
0.000075000000	0.075000000000	3309.569170218331
0.000075000000	0.100000000000	5791.431083999351
0.000075000000	0.125000000000	8910.905453419660
0.000075000000	0.150000000000	12639.966835375442
0.000075000000	0.175000000000	16952.398133757906
0.000075000000	0.200000000000	21823.638291043331
0.000075000000	0.225000000000	27230.645685019968
0.000075000000	0.250000000000	33151.775326547366
0.000075000000	0.275000000000	39566.668218253180
0.000075000000	0.300000000000	46456.151457050306
0.000075000000	0.325000000000	53802.147852354261
0.000075000000	0.350000000000	61587.593992606598
0.000075000000	0.375000000000	69796.365829836999
0.000075000000	0.400000000000	78413.210969352513
0.000075000000	0.425000000000	87423.686952379707
0.000075000000	0.450000000000	96814.104906199427
0.000075000000	0.475000000000	106571.478011174069
0.000075000000	0.500000000000	116683.474298849498
0.000080000000	-0.500000000000	238322.774989887490
0.000080000000	-0.475000000000	208967.879361261846
0.000080000000	-0.450000000000	182414.077897892392
0.000080000000	-0.425000000000	158412.275481613469
0.000080000000	-0.400000000000	136745.195583117078
0.000080000000	-0.375000000000	117222.181658788453
0.000080000000	-0.350000000000	99675.018715498809
0.000080000000	-0.325000000000	83954.543852714443
0.000080000000	-0.300000000000	69927.873497637745
0.000080000000	-0.275000000000	57476.117402970522
0.000080000000	-0.250000000000	46492.480333791929
0.000080000000	-0.225000000000	36880.675126012859
0.000080000000	-0.200000000000	28553.587770694539
0.000080000000	-0.175000000000	21432.147969366139
0.000080000000	-0.150000000000	15444.368339565772
0.000080000000	-0.125000000000	10524.522925172410
0.000080000000	-0.100000000000	6612.441455770745
0.000080000000	-0.075000000000	3652.900319221830
0.000080000000	-0.050000000000	1595.094766738949
0.000080000000	-0.025000000000	392.179685764798
0.000080000000	0.000000000000	0.868521325341
0.000080000000	0.025000000000	381.081728165015
0.000080000000	0.050000000000	1495.637590137382
0.000080000000	0.075000000000	3309.979423648828
0.000080000000	0.100000000000	5791.934145114470
0.000080000000	0.125000000000	8911.497972326655
0.000080000000	0.150000000000	12640.645680635062
0.000080000000	0.175000000000	16953.160373794013
0.000080000000	0.200000000000	21824.481177489051
0.000080000000	0.225000000000	27231.566637762844
0.000080000000	0.250000000000	33152.771920270119
0.000080000000	0.275000000000	39567.738170293873
0.000080000000	0.300000000000	46457.292616429389
0.000080000000	0.325000000000	53803.358189837243
0.000080000000	0.350000000000	61588.871591686402
0.000080000000	0.375000000000	69797.708878536185
0.000080000000	0.400000000000	78414.617752757287
0.000080000000	0.425000000000	87425.155845829053
0.000080000000	0.450000000000	96815.634369061154
0.000080000000	0.475000000000	106573.066581148043
0.000080000000	0.500000000000	116685.120586746067
0.000085000000	-0.500000000000	238318.725400598574
0.000085000000	-0.475000000000	208964.209717661724
0.000085000000	-0.450000000000	182410.755352436565
0.000085000000	-0.425000000000	158409.271470432519
0.000085000000	-0.400000000000	136742.485112196358
0.000085000000	-0.375000000000	117219.742732887898
0.000085000000	-0.350000000000	99672.831876878190
0.000085000000	-0.325000000000	83952.591805266042
0.000085000000	-0.300000000000	69926.140798128559
0.000085000000	-0.275000000000	57474.590205510598
0.000085000000	-0.250000000000	46491.146176884991
0.000085000000	-0.225000000000	36879.522753949634
0.000085000000	-0.200000000000	28552.606982849036
0.000085000000	-0.175000000000	21431.329492323159
0.000085000000	-0.150000000000	15443.703718050951
0.000085000000	-0.125000000000	10524.004428561593
0.000085000000	-0.100000000000	6612.061997582806
0.000085000000	-0.075000000000	3652.653387489604
0.000085000000	-0.050000000000	1594.974363540725
0.000085000000	-0.025000000000	392.180274507414
0.000085000000	0.000000000000	0.984980616268
0.000085000000	0.025000000000	381.309311309050
0.000085000000	0.050000000000	1495.971889454942
0.000085000000	0.075000000000	3310.416338942568
0.000085000000	0.100000000000	5792.469855719113
0.000085000000	0.125000000000	8912.128912263999
0.000085000000	0.150000000000	12641.368516469303
0.000085000000	0.175000000000	16953.971984842763
0.000085000000	0.200000000000	21825.378638095342
0.000085000000	0.225000000000	27232.547201376179
0.000085000000	0.250000000000	33153.833005118984
0.000085000000	0.275000000000	39568.877346463094
0.000085000000	0.300000000000	46458.507594179959
0.000085000000	0.325000000000	53804.646809027552
0.000085000000	0.350000000000	61590.231812173319
0.000085000000	0.375000000000	69799.138771448517
0.000085000000	0.400000000000	78416.115492548633
0.000085000000	0.425000000000	87426.719703026989
0.000085000000	0.450000000000	96817.262703642307
0.000085000000	0.475000000000	106574.757836474135
0.000085000000	0.500000000000	116686.873284005385
0.000090000000	-0.500000000000	238314.430640722305
0.000090000000	-0.475000000000	208960.317918924673
0.000090000000	-0.450000000000	182407.231678394775
0.000090000000	-0.425000000000	158406.085627590015
0.000090000000	-0.400000000000	136739.610592996527
0.000090000000	-0.375000000000	117217.156210077985
0.000090000000	-0.350000000000	99670.512714321114
0.000090000000	-0.325000000000	83950.521659326361
0.000090000000	-0.300000000000	69924.303290227806
0.000090000000	-0.275000000000	57472.970651129086
0.000090000000	-0.250000000000	46489.731359723060
0.000090000000	-0.225000000000	36878.300736508827
0.000090000000	-0.200000000000	28551.566946605639
0.000090000000	-0.175000000000	21430.461602114450
0.000090000000	-0.150000000000	15442.999006401657
0.000090000000	-0.125000000000	10523.454696533146
0.000090000000	-0.100000000000	6611.659729391553
0.000090000000	-0.075000000000	3652.391676661708
0.000090000000	-0.050000000000	1594.846848782192
0.000090000000	-0.025000000000	392.181083795248
0.000090000000	0.000000000000	1.108682276940
0.000090000000	0.025000000000	381.550871062594
0.000090000000	0.050000000000	1496.326632572295
0.000090000000	0.075000000000	3310.879916802587
0.000090000000	0.100000000000	5793.038216165560
0.000090000000	0.125000000000	8912.798273256034
0.000090000000	0.150000000000	12642.135342595418
0.000090000000	0.175000000000	16954.832966333277
0.000090000000	0.200000000000	21826.330672020798
0.000090000000	0.225000000000	27233.587374763971
0.000090000000	0.250000000000	33154.958579758342
0.000090000000	0.275000000000	39570.085745199482
0.000090000000	0.300000000000	46459.796388527233
0.000090000000	0.325000000000	53806.013707948754
0.000090000000	0.350000000000	61591.674651900263
0.000090000000	0.375000000000	69800.655506226482
0.000090000000	0.400000000000	78417.704186207484
0.000090000000	0.425000000000	87428.378521292194
0.000090000000	0.450000000000	96818.989907107403
0.000090000000	0.475000000000	106576.551774170337
0.000090000000	0.500000000000	116688.732387505428
0.000095000000	-0.500000000000	238309.890742075047
0.000095000000	-0.475000000000	208956.203993405739
0.000095000000	-0.450000000000	182403.506901118177
0.000095000000	-0.425000000000	158402.717975813022
0.000095000000	-0.400000000000	136736.572045938927
0.000095000000	-0.375000000000	117214.422108742991
0.000095000000	-0.350000000000	99668.061244402983
0.000095000000	-0.325000000000	83948.333429857215
0.000095000000	-0.300000000000	69922.360987451655
0.000095000000	-0.275000000000	57471.258752041926
0.000095000000	-0.250000000000	46488.235893348174
0.000095000000	-0.225000000000	36877.009083669189
0.000095000000	-0.200000000000	28550.467670976799
0.000095000000	-0.175000000000	21429.544306871496
0.000095000000	-0.150000000000	15442.254211944091
0.000095000000	-0.125000000000	10522.873735675073
0.000095000000	-0.100000000000	6611.234657106625
0.000095000000	-0.075000000000	3652.115192022896
0.000095000000	-0.050000000000	1594.712227171476
0.000095000000	-0.025000000000	392.182117802725
0.000095000000	0.000000000000	1.239629987056
0.000095000000	0.025000000000	381.806410645890
0.000095000000	0.050000000000	1496.701822282072
0.000095000000	0.075000000000	3311.370159622910
0.000095000000	0.100000000000	5793.639228475800
0.000095000000	0.125000000000	8913.506056976643
0.000095000000	0.150000000000	12642.946160361334
0.000095000000	0.175000000000	16955.743319307810
0.000095000000	0.200000000000	21827.337280020522
0.000095000000	0.225000000000	27234.687158411307
0.000095000000	0.250000000000	33156.148644418914
0.000095000000	0.275000000000	39571.363366493839
0.000095000000	0.300000000000	46461.158999235726
0.000095000000	0.325000000000	53807.458886151609
0.000095000000	0.350000000000	61593.200110215563
0.000095000000	0.375000000000	69802.259082026649
0.000095000000	0.400000000000	78419.383832709107
0.000095000000	0.425000000000	87430.132299427147
0.000095000000	0.450000000000	96820.815978095401
0.000095000000	0.475000000000	106578.448392719671
0.000095000000	0.500000000000	116690.697895581630
0.000100000000	-0.500000000000	238305.105739602790
0.000100000000	-0.475000000000	208951.867972392502
0.000100000000	-0.450000000000	182399.581048719236
0.000100000000	-0.425000000000	158399.168540440820
0.000100000000	-0.400000000000	136733.369493925740
0.000100000000	-0.375000000000	117211.540449631939
0.000100000000	-0.350000000000	99665.477485960990
0.000100000000	-0.325000000000	83946.027133990196
0.000100000000	-0.300000000000	69920.313905403542
0.000100000000	-0.275000000000	57469.454522478241
0.000100000000	-0.250000000000	46486.659790748774
0.000100000000	-0.225000000000	36875.647807295129
0.000100000000	-0.200000000000	28549.309166805444
0.000100000000	-0.175000000000	21428.577616506096
0.000100000000	-0.150000000000	15441.469343738796
0.000100000000	-0.125000000000	10522.261554267650
0.000100000000	-0.100000000000	6610.786788291296
0.000100000000	-0.075000000000	3651.823940476108
0.000100000000	-0.050000000000	1594.570505001638
0.000100000000	-0.025000000000	392.183382258915
0.000100000000	0.000000000000	1.377828952778
0.000100000000	0.025000000000	382.075934779320
0.000100000000	0.050000000000	1497.097462852766
0.000100000000	0.075000000000	3311.887071250778
0.000100000000	0.100000000000	5794.272896103585
0.000100000000	0.125000000000	8914.252266511850
0.000100000000	0.150000000000	12643.800972508532
0.000100000000	0.175000000000	16956.703046184724
0.000100000000	0.200000000000	21828.398464209313
0.000100000000	0.225000000000	27235.846554147553
0.000100000000	0.250000000000	33157.403200661254
0.000100000000	0.275000000000	39572.710211653306
0.000100000000	0.300000000000	46462.595427373366
0.000100000000	0.325000000000	53808.982344477845
0.000100000000	0.350000000000	61594.808187747069
0.000100000000	0.375000000000	69803.949499274429
0.000100000000	0.400000000000	78421.154432286727
0.000100000000	0.425000000000	87431.981037483230
0.000100000000	0.450000000000	96822.740916484385
0.000100000000	0.475000000000	106580.447691835841
0.000100000000	0.500000000000	116692.769807790653
