0.00000000	-0.50000000	135436.248433240748
0.00000000	-0.45000000	103664.963955302359
0.00000000	-0.40000000	77712.575968395642
0.00000000	-0.35000000	56646.471756947663
0.00000000	-0.30000000	39741.716194313034
0.00000000	-0.25000000	26423.627942482330
0.00000000	-0.20000000	16228.926220120515
0.00000000	-0.15000000	8778.677136621527
0.00000000	-0.10000000	3758.984553703312
0.00000000	-0.05000000	906.908544250130
0.00000000	0.00000000	0.000000009341
0.00000000	0.05000000	848.391261111719
0.00000000	0.10000000	3288.728401614597
0.00000000	0.15000000	7179.453403638964
0.00000000	0.20000000	12397.091146848232
0.00000000	0.25000000	18833.294861488503
0.00000000	0.30000000	26392.471400322975
0.00000000	0.35000000	34989.854926008935
0.00000000	0.40000000	44549.931092664439
0.00000000	0.45000000	55005.137873868523
0.00000000	0.50000000	66294.786727859639
0.00001000	-0.50000000	135434.961792621558
0.00001000	-0.45000000	103663.914060398267
0.00001000	-0.40000000	77711.723787914583
0.00001000	-0.35000000	56645.787266737883
0.00001000	-0.30000000	39741.175803915816
0.00001000	-0.25000000	26423.212779493970
0.00001000	-0.20000000	16228.620950687095
0.00001000	-0.15000000	8778.469132844786
0.00001000	-0.10000000	3758.863292321027
0.00001000	-0.05000000	906.865163557588
0.00001000	0.00000000	0.026967549703
0.00001000	0.05000000	848.482120487498
0.00001000	0.10000000	3288.877576841410
0.00001000	0.15000000	7179.656046031093
0.00001000	0.20000000	12397.343013802660
0.00001000	0.25000000	18833.592219512251
0.00001000	0.30000000	26392.810946708727
0.00001000	0.35000000	34990.233725015307
0.00001000	0.40000000	44550.346523092441
0.00001000	0.45000000	55005.587585676622
0.00001000	0.50000000	66295.268606009471
0.00002000	-0.50000000	135431.142350581998
0.00002000	-0.45000000	103660.803845249276
0.00002000	-0.40000000	77709.205876076041
0.00002000	-0.35000000	56643.771716342235
0.00002000	-0.30000000	39739.591945920576
0.00002000	-0.25000000	26422.004078368966
0.00002000	-0.20000000	16227.741471106019
0.00002000	-0.15000000	8777.881045565635
0.00002000	-0.10000000	3758.535072865388
0.00002000	-0.05000000	906.770264913956
0.00002000	0.00000000	0.142824695806
0.00002000	0.05000000	848.789391927401
0.00002000	0.10000000	3289.359558518251
0.00002000	0.15000000	7180.298212648290
0.00002000	0.20000000	12398.132655701940
0.00002000	0.25000000	18834.518152175126
0.00002000	0.30000000	26393.863276122585
0.00002000	0.35000000	34991.403656489347
0.00002000	0.40000000	44551.626204213695
0.00002000	0.45000000	55006.969976341818
0.00002000	0.50000000	66296.747370118406
0.00003000	-0.50000000	135424.790168617939
0.00003000	-0.45000000	103655.633291570106
0.00003000	-0.40000000	77705.022153868820
0.00003000	-0.35000000	56640.424979455274
0.00003000	-0.30000000	39736.964456466943
0.00003000	-0.25000000	26420.001644927219
0.00003000	-0.20000000	16226.287562364265
0.00003000	-0.15000000	8776.912635174780
0.00003000	-0.10000000	3757.999638454456
0.00003000	-0.05000000	906.623576808777
0.00003000	0.00000000	0.347287438306
0.00003000	0.05000000	849.312780658012
0.00003000	0.10000000	3290.174042535010
0.00003000	0.15000000	7181.379591228908
0.00003000	0.20000000	12399.459753125187
0.00003000	0.25000000	18836.072333734275
0.00003000	0.30000000	26395.628057210786
0.00003000	0.35000000	34993.364384074710
0.00003000	0.40000000	44553.769795192296
0.00003000	0.45000000	55009.284701001176
0.00003000	0.50000000	66299.222671689611
0.00004000	-0.50000000	135415.903880611382
0.00004000	-0.45000000	103648.400900342895
0.00004000	-0.40000000	77699.171021115209
0.00004000	-0.35000000	56635.745377112224
0.00004000	-0.30000000	39733.291594027498
0.00004000	-0.25000000	26417.203687130444
0.00004000	-0.20000000	16224.257391052861
0.00004000	-0.15000000	8775.562033950584
0.00004000	-0.10000000	3757.255092590716
0.00004000	-0.05000000	906.423178373252
0.00004000	0.00000000	0.638414085078
0.00004000	0.05000000	850.050327053992
0.00004000	0.10000000	3291.319053710936
0.00004000	0.15000000	7182.898193011365
0.00004000	0.20000000	12401.322305383099
0.00004000	0.25000000	18838.252752967408
0.00004000	0.30000000	26398.103269403113
0.00004000	0.35000000	34996.113878866294
0.00004000	0.40000000	44556.775259659866
0.00004000	0.45000000	55012.529716576784
0.00004000	0.50000000	66302.692461591068
0.00005000	-0.50000000	135404.483750561776
0.00005000	-0.45000000	103639.106749600382
0.00005000	-0.40000000	77691.652414289667
0.00005000	-0.35000000	56629.732735533864
0.00005000	-0.30000000	39728.573097270986
0.00005000	-0.25000000	26413.609872959685
0.00005000	-0.20000000	16221.650567255296
0.00005000	-0.15000000	8773.828803955437
0.00005000	-0.10000000	3756.300957063793
0.00005000	-0.05000000	906.168557288194
0.00005000	0.00000000	1.015663173482
0.00005000	0.05000000	851.001464553611
0.00005000	0.10000000	3292.794003713110
0.00005000	0.15000000	7184.853410654799
0.00005000	0.20000000	12403.719688440624
0.00005000	0.25000000	18841.058771097287
0.00005000	0.30000000	26401.288260838450
0.00005000	0.35000000	34999.651477337306
0.00005000	0.40000000	44560.641923643387
0.00005000	0.45000000	55016.704339704549
0.00005000	0.50000000	66307.156047984536
0.00006000	-0.50000000	135390.530780774367
0.00006000	-0.45000000	103627.751602691162
0.00006000	-0.40000000	77682.466914838631
0.00006000	-0.35000000	56622.387494485120
0.00006000	-0.30000000	39722.809293449835
0.00006000	-0.25000000	26409.220438824606
0.00006000	-0.20000000	16218.467252973731
0.00006000	-0.15000000	8771.713045475768
0.00006000	-0.10000000	3755.137280400948
0.00006000	-0.05000000	905.859718243223
0.00006000	0.00000000	1.479001936285
0.00006000	0.05000000	852.166128130584
0.00006000	0.10000000	3294.598799533070
0.00006000	0.15000000	7187.245126719927
0.00006000	0.20000000	12406.651763401209
0.00006000	0.25000000	18844.490230278760
0.00006000	0.30000000	26405.182856854582
0.00006000	0.35000000	35003.976989830779
0.00006000	0.40000000	44565.369584059277
0.00006000	0.45000000	55021.808355229805
0.00006000	0.50000000	66312.613204823283
0.00007000	-0.50000000	135374.046455218544
0.00007000	-0.45000000	103614.336651732257
0.00007000	-0.40000000	77671.615492697543
0.00007000	-0.35000000	56613.710450838487
0.00007000	-0.30000000	39716.000841997637
0.00007000	-0.25000000	26404.035933186275
0.00007000	-0.20000000	16214.707905770852
0.00007000	-0.15000000	8769.215140678218
0.00007000	-0.10000000	3753.764381535427
0.00007000	-0.05000000	905.496926614292
0.00007000	0.00000000	2.028649986974
0.00007000	0.05000000	853.544497985562
0.00007000	0.10000000	3296.733587183291
0.00007000	0.15000000	7190.073457369588
0.00007000	0.20000000	12410.118620210782
0.00007000	0.25000000	18848.547197305896
0.00007000	0.30000000	26409.787103697636
0.00007000	0.35000000	35009.090444271715
0.00007000	0.40000000	44570.958252426397
0.00007000	0.45000000	55027.841759922165
0.00007000	0.50000000	66319.063915567851
0.00008000	-0.50000000	135355.032648010296
0.00008000	-0.45000000	103598.863426207943
0.00008000	-0.40000000	77659.099414970944
0.00008000	-0.35000000	56603.702667311954
0.00008000	-0.30000000	39708.148643309643
0.00008000	-0.25000000	26398.057125369756
0.00008000	-0.20000000	16210.373187607363
0.00008000	-0.15000000	8766.335662466785
0.00008000	-0.10000000	3752.182758678254
0.00008000	-0.05000000	905.080617347718
0.00008000	0.00000000	2.664988213425
0.00008000	0.05000000	855.136908447687
0.00008000	0.10000000	3299.198660605492
0.00008000	0.15000000	7193.338661282743
0.00008000	0.20000000	12414.120486576498
0.00008000	0.25000000	18853.229872534452
0.00008000	0.30000000	26415.101177448010
0.00008000	0.35000000	35014.991995095392
0.00008000	0.40000000	44577.408063797571
0.00008000	0.45000000	55034.804671409081
0.00008000	0.50000000	66326.508282121489
0.00009000	-0.50000000	135333.491584236384
0.00009000	-0.45000000	103581.333753934057
0.00009000	-0.40000000	77644.920206994444
0.00009000	-0.35000000	56592.365433601226
0.00009000	-0.30000000	39699.253799926759
0.00009000	-0.25000000	26391.284966787382
0.00009000	-0.20000000	16205.463926095052
0.00009000	-0.15000000	8763.075335759206
0.00009000	-0.10000000	3750.393050613732
0.00009000	-0.05000000	904.611356270664
0.00009000	0.00000000	3.388520100866
0.00009000	0.05000000	856.943809307805
0.00009000	0.10000000	3301.994423012141
0.00009000	0.15000000	7197.041101002806
0.00009000	0.20000000	12418.657689321068
0.00009000	0.25000000	18858.538551241447
0.00009000	0.30000000	26421.125345384331
0.00009000	0.35000000	35021.681884615391
0.00009000	0.40000000	44584.719238130674
0.00009000	0.45000000	55042.697289549440
0.00009000	0.50000000	66334.946486206638
0.00010000	-0.50000000	135309.425820757839
0.00010000	-0.45000000	103561.749742017390
0.00010000	-0.40000000	77629.079633401765
0.00010000	-0.35000000	56579.700247524524
0.00010000	-0.30000000	39689.317597736939
0.00010000	-0.25000000	26383.720572182232
0.00010000	-0.20000000	16199.981095772908
0.00010000	-0.15000000	8759.435018788266
0.00010000	-0.10000000	3748.396018020194
0.00010000	-0.05000000	904.089821427770
0.00010000	0.00000000	4.199853080970
0.00010000	0.05000000	858.965747177844
0.00010000	0.10000000	3305.121368254418
0.00010000	0.15000000	7201.181224312893
0.00010000	0.20000000	12423.730635763830
0.00010000	0.25000000	18864.473605011070
0.00010000	0.30000000	26427.859947373421
0.00010000	0.35000000	35029.160424417008
0.00010000	0.40000000	44592.892061685103
0.00010000	0.45000000	55051.519877833314
0.00010000	0.50000000	66344.378770766372
0.00011000	-0.50000000	135282.838235644274
0.00011000	-0.45000000	103540.113766470953
0.00011000	-0.40000000	77611.579687867197
0.00011000	-0.35000000	56565.708804854970
0.00011000	-0.30000000	39678.341495874993
0.00011000	-0.25000000	26375.365209578849
0.00011000	-0.20000000	16193.925808096474
0.00011000	-0.15000000	8755.415693121551
0.00011000	-0.10000000	3746.192533514195
0.00011000	-0.05000000	903.516793144736
0.00011000	0.00000000	5.099688611462
0.00011000	0.05000000	861.203355583495
0.00011000	0.10000000	3308.580070925732
0.00011000	0.15000000	7205.759554348286
0.00011000	0.20000000	12429.339803840836
0.00011000	0.25000000	18871.035471861403
0.00011000	0.30000000	26435.305386002899
0.00011000	0.35000000	35037.427985494702
0.00011000	0.40000000	44601.926877163183
0.00011000	0.45000000	55061.272753526428
0.00011000	0.50000000	66354.805430112770
0.00012000	-0.50000000	135253.732021775097
0.00012000	-0.45000000	103516.428466014768
0.00012000	-0.40000000	77592.422587044057
0.00012000	-0.35000000	56550.392993359092
0.00012000	-0.30000000	39666.327120833237
0.00012000	-0.25000000	26366.220294448471
0.00012000	-0.20000000	16187.299305645258
0.00012000	-0.15000000	8751.018457901571
0.00012000	-0.10000000	3743.783575916251
0.00012000	-0.05000000	902.893148314585
0.00012000	0.00000000	6.088816479099
0.00012000	0.05000000	863.657349280866
0.00012000	0.10000000	3312.371180689649
0.00012000	0.15000000	7210.776683933859
0.00012000	0.20000000	12435.485736450286
0.00012000	0.25000000	18878.224650596625
0.00012000	0.30000000	26443.462120938617
0.00012000	0.35000000	35046.484992614525
0.00012000	0.40000000	44611.824078077319
0.00012000	0.45000000	55071.956282041465
0.00012000	0.50000000	66366.226804300517
0.00013000	-0.50000000	135222.110682584549
0.00013000	-0.45000000	103490.696738038503
0.00013000	-0.40000000	77571.610766679005
0.00013000	-0.35000000	56533.754889019059
0.00013000	-0.30000000	39653.276262764331
0.00013000	-0.25000000	26356.287386071806
0.00013000	-0.20000000	16180.102958531326
0.00013000	-0.15000000	8746.244526290015
0.00013000	-0.10000000	3741.170226723362
0.00013000	-0.05000000	902.219856893044
0.00013000	0.00000000	7.168111313239
0.00013000	0.05000000	866.328520784976
0.00013000	0.10000000	3316.495418820742
0.00013000	0.15000000	7216.233272135082
0.00013000	0.20000000	12442.169038012216
0.00013000	0.25000000	18886.041697373643
0.00013000	0.30000000	26452.330665498150
0.00013000	0.35000000	35056.331920892684
0.00013000	0.40000000	44622.584105332659
0.00013000	0.45000000	55083.570873524128
0.00013000	0.50000000	66378.643275717564
0.00014000	-0.50000000	135187.978028946527
0.00014000	-0.45000000	103462.921735729789
0.00014000	-0.40000000	77549.146878910717
0.00014000	-0.35000000	56515.796753454211
0.00014000	-0.30000000	39639.190872992782
0.00014000	-0.25000000	26345.568185119046
0.00014000	-0.20000000	16172.338262031855
0.00014000	-0.15000000	8741.095223141583
0.00014000	-0.10000000	3738.353667815790
0.00014000	-0.05000000	901.497979631441
0.00014000	0.00000000	8.338530340298
0.00014000	0.05000000	869.217738141964
0.00014000	0.10000000	3320.953575991608
0.00014000	0.15000000	7222.130042057637
0.00014000	0.20000000	12449.390372278400
0.00014000	0.25000000	18894.487223521315
0.00014000	0.30000000	26461.911584477028
0.00014000	0.35000000	35066.969293628688
0.00014000	0.40000000	44634.207445066117
0.00014000	0.45000000	55096.116980697778
0.00014000	0.50000000	66392.055266932803
0.00015000	-0.50000000	135151.338176728867
0.00015000	-0.45000000	103433.106865884838
0.00015000	-0.40000000	77525.033790258138
0.00015000	-0.35000000	56496.521032036384
0.00015000	-0.30000000	39624.073062223899
0.00015000	-0.25000000	26334.064531928776
0.00015000	-0.20000000	16164.006834921862
0.00015000	-0.15000000	8735.571983378402
0.00015000	-0.10000000	3735.335179863934
0.00015000	-0.05000000	900.728666510084
0.00015000	0.00000000	9.601111838322
0.00015000	0.05000000	872.325943400988
0.00015000	0.10000000	3325.746510758882
0.00015000	0.15000000	7228.467779344975
0.00015000	0.20000000	12457.150460840016
0.00015000	0.25000000	18903.561894056311
0.00015000	0.30000000	26472.205492672027
0.00015000	0.35000000	35078.397680834372
0.00015000	0.40000000	44646.694627180783
0.00015000	0.45000000	55109.595097401689
0.00015000	0.50000000	66406.463239239587
0.00016000	-0.50000000	135112.195544707123
0.00016000	-0.45000000	103401.255787102884
0.00016000	-0.40000000	77499.274580010606
0.00016000	-0.35000000	56475.930352421237
0.00016000	-0.30000000	39607.925099179105
0.00016000	-0.25000000	26321.778405221943
0.00016000	-0.20000000	16155.110418248270
0.00016000	-0.15000000	8729.676350811129
0.00016000	-0.10000000	3732.116141187352
0.00016000	-0.05000000	899.913155627078
0.00016000	0.00000000	10.956974050303
0.00016000	0.05000000	875.654151547566
0.00016000	0.10000000	3330.875148513364
0.00016000	0.15000000	7235.247331142726
0.00016000	0.20000000	12465.450082103611
0.00016000	0.25000000	18913.266426668983
0.00016000	0.30000000	26483.213053875639
0.00016000	0.35000000	35090.617698236034
0.00016000	0.40000000	44660.046224354111
0.00016000	0.45000000	55124.005757605431
0.00016000	0.50000000	66421.867691673760
0.00017000	-0.50000000	135070.554852687055
0.00017000	-0.45000000	103367.372408205789
0.00017000	-0.40000000	77471.872538855270
0.00017000	-0.35000000	56454.027523324126
0.00017000	-0.30000000	39590.749409481490
0.00017000	-0.25000000	26308.711921069560
0.00017000	-0.20000000	16145.650874361181
0.00017000	-0.15000000	8723.409977219759
0.00017000	-0.10000000	3728.698026874119
0.00017000	-0.05000000	899.052772349239
0.00017000	0.00000000	12.407314360422
0.00017000	0.05000000	879.203449700701
0.00017000	0.10000000	3336.340480694325
0.00017000	0.15000000	7242.469605327114
0.00017000	0.20000000	12474.290070531835
0.00017000	0.25000000	18923.601590974533
0.00017000	0.30000000	26494.934980135797
0.00017000	0.35000000	35103.630006541367
0.00017000	0.40000000	44674.262851311571
0.00017000	0.45000000	55139.349534687724
0.00017000	0.50000000	66438.269160298121
0.00018000	-0.50000000	135026.421119739942
0.00018000	-0.45000000	103331.460886791145
0.00018000	-0.40000000	77442.831167651108
0.00018000	-0.35000000	56430.815533453504
0.00018000	-0.30000000	39572.548574706234
0.00018000	-0.25000000	26294.867332032140
0.00018000	-0.20000000	16135.630186120956
0.00018000	-0.15000000	8716.774621613555
0.00018000	-0.10000000	3725.082408083310
0.00018000	-0.05000000	898.148928648134
0.00018000	0.00000000	13.953408657527
0.00018000	0.05000000	882.974996498812
0.00018000	0.10000000	3342.143564194124
0.00018000	0.15000000	7250.135569925243
0.00018000	0.20000000	12483.671316076681
0.00018000	0.25000000	18934.568207957152
0.00018000	0.30000000	26507.372031209550
0.00018000	0.35000000	35117.435310901608
0.00018000	0.40000000	44689.345164295875
0.00018000	0.45000000	55155.627040911691
0.00018000	0.50000000	66455.668217682993
0.00019000	-0.50000000	134979.799662481324
0.00019000	-0.45000000	103293.525627845665
0.00019000	-0.40000000	77412.154176276323
0.00019000	-0.35000000	56406.297550526448
0.00019000	-0.30000000	39553.325331520755
0.00019000	-0.25000000	26280.247026392815
0.00019000	-0.20000000	16125.050456203204
0.00019000	-0.15000000	8709.772149592389
0.00019000	-0.10000000	3721.270951450265
0.00019000	-0.05000000	897.203122541077
0.00019000	0.00000000	15.596610805077
0.00019000	0.05000000	886.970021593466
0.00019000	0.10000000	3348.285520871495
0.00019000	0.15000000	7258.246252644807
0.00019000	0.20000000	12493.594763723049
0.00019000	0.25000000	18946.167149525605
0.00019000	0.30000000	26520.525014128747
0.00019000	0.35000000	35132.034360485472
0.00019000	0.40000000	44705.293860648017
0.00019000	0.45000000	55172.838927012715
0.00019000	0.50000000	66474.065472499264
0.00020000	-0.50000000	134930.696093375911
0.00020000	-0.45000000	103253.571282403966
0.00020000	-0.40000000	77379.845482533841
0.00020000	-0.35000000	56380.476920351473
0.00020000	-0.30000000	39533.082570897946
0.00020000	-0.25000000	26264.853527469320
0.00020000	-0.20000000	16113.913906486687
0.00020000	-0.15000000	8702.404532793435
0.00020000	-0.10000000	3717.265418580502
0.00020000	-0.05000000	896.216937622761
0.00020000	0.00000000	17.338352203271
0.00020000	0.05000000	891.189825236448
0.00020000	0.10000000	3354.767537159422
0.00020000	0.15000000	7266.802740499308
0.00020000	0.20000000	12504.061413128607
0.00020000	0.25000000	18958.399338165182
0.00020000	0.30000000	26534.394782862459
0.00020000	0.35000000	35147.427948150958
0.00020000	0.40000000	44722.109678487061
0.00020000	0.45000000	55190.985881884873
0.00020000	0.50000000	66493.461569211126
