-0.000100000000	-0.500000000000	62.773101084819
-0.000100000000	-0.450000000000	58.973101084819
-0.000100000000	-0.400000000000	55.573101084819
-0.000100000000	-0.350000000000	52.573101084819
-0.000100000000	-0.300000000000	49.973101084819
-0.000100000000	-0.250000000000	47.773101084819
-0.000100000000	-0.200000000000	45.973101084819
-0.000100000000	-0.150000000000	44.573101084819
-0.000100000000	-0.100000000000	43.573101084819
-0.000100000000	-0.050000000000	42.973101084819
-0.000100000000	0.000000000000	42.773101084819
-0.000100000000	0.050000000000	42.973101084819
-0.000100000000	0.100000000000	43.573101084819
-0.000100000000	0.150000000000	44.573101084819
-0.000100000000	0.200000000000	45.973101084819
-0.000100000000	0.250000000000	47.773101084819
-0.000100000000	0.300000000000	49.973101084819
-0.000100000000	0.350000000000	52.573101084819
-0.000100000000	0.400000000000	55.573101084819
-0.000100000000	0.450000000000	58.973101084819
-0.000100000000	0.500000000000	62.773101084819
-0.000090000000	-0.500000000000	54.033360557839
-0.000090000000	-0.450000000000	50.233360557839
-0.000090000000	-0.400000000000	46.833360557839
-0.000090000000	-0.350000000000	43.833360557839
-0.000090000000	-0.300000000000	41.233360557839
-0.000090000000	-0.250000000000	39.033360557839
-0.000090000000	-0.200000000000	37.233360557839
-0.000090000000	-0.150000000000	35.833360557839
-0.000090000000	-0.100000000000	34.833360557839
-0.000090000000	-0.050000000000	34.233360557839
-0.000090000000	0.000000000000	34.033360557839
-0.000090000000	0.050000000000	34.233360557839
-0.000090000000	0.100000000000	34.833360557839
-0.000090000000	0.150000000000	35.833360557839
-0.000090000000	0.200000000000	37.233360557839
-0.000090000000	0.250000000000	39.033360557839
-0.000090000000	0.300000000000	41.233360557839
-0.000090000000	0.350000000000	43.833360557839
-0.000090000000	0.400000000000	46.833360557839
-0.000090000000	0.450000000000	50.233360557839
-0.000090000000	0.500000000000	54.033360557839
-0.000080000000	-0.500000000000	46.272343014391
-0.000080000000	-0.450000000000	42.472343014391
-0.000080000000	-0.400000000000	39.072343014391
-0.000080000000	-0.350000000000	36.072343014391
-0.000080000000	-0.300000000000	33.472343014391
-0.000080000000	-0.250000000000	31.272343014391
-0.000080000000	-0.200000000000	29.472343014391
-0.000080000000	-0.150000000000	28.072343014391
-0.000080000000	-0.100000000000	27.072343014391
-0.000080000000	-0.050000000000	26.472343014391
-0.000080000000	0.000000000000	26.272343014391
-0.000080000000	0.050000000000	26.472343014391
-0.000080000000	0.100000000000	27.072343014391
-0.000080000000	0.150000000000	28.072343014391
-0.000080000000	0.200000000000	29.472343014391
-0.000080000000	0.250000000000	31.272343014391
-0.000080000000	0.300000000000	33.472343014391
-0.000080000000	0.350000000000	36.072343014391
-0.000080000000	0.400000000000	39.072343014391
-0.000080000000	0.450000000000	42.472343014391
-0.000080000000	0.500000000000	46.272343014391
-0.000070000000	-0.500000000000	39.496601552763
-0.000070000000	-0.450000000000	35.696601552763
-0.000070000000	-0.400000000000	32.296601552763
-0.000070000000	-0.350000000000	29.296601552763
-0.000070000000	-0.300000000000	26.696601552763
-0.000070000000	-0.250000000000	24.496601552763
-0.000070000000	-0.200000000000	22.696601552763
-0.000070000000	-0.150000000000	21.296601552763
-0.000070000000	-0.100000000000	20.296601552763
-0.000070000000	-0.050000000000	19.696601552763
-0.000070000000	0.000000000000	19.496601552763
-0.000070000000	0.050000000000	19.696601552763
-0.000070000000	0.100000000000	20.296601552763
-0.000070000000	0.150000000000	21.296601552763
-0.000070000000	0.200000000000	22.696601552763
-0.000070000000	0.250000000000	24.496601552763
-0.000070000000	0.300000000000	26.696601552763
-0.000070000000	0.350000000000	29.296601552763
-0.000070000000	0.400000000000	32.296601552763
-0.000070000000	0.450000000000	35.696601552763
-0.000070000000	0.500000000000	39.496601552763
-0.000060000000	-0.500000000000	33.714816841364
-0.000060000000	-0.450000000000	29.914816841364
-0.000060000000	-0.400000000000	26.514816841364
-0.000060000000	-0.350000000000	23.514816841364
-0.000060000000	-0.300000000000	20.914816841364
-0.000060000000	-0.250000000000	18.714816841364
-0.000060000000	-0.200000000000	16.914816841364
-0.000060000000	-0.150000000000	15.514816841364
-0.000060000000	-0.100000000000	14.514816841364
-0.000060000000	-0.050000000000	13.914816841364
-0.000060000000	0.000000000000	13.714816841364
-0.000060000000	0.050000000000	13.914816841364
-0.000060000000	0.100000000000	14.514816841364
-0.000060000000	0.150000000000	15.514816841364
-0.000060000000	0.200000000000	16.914816841364
-0.000060000000	0.250000000000	18.714816841364
-0.000060000000	0.300000000000	20.914816841364
-0.000060000000	0.350000000000	23.514816841364
-0.000060000000	0.400000000000	26.514816841364
-0.000060000000	0.450000000000	29.914816841364
-0.000060000000	0.500000000000	33.714816841364
-0.000050000000	-0.500000000000	28.938515694907
-0.000050000000	-0.450000000000	25.138515694907
-0.000050000000	-0.400000000000	21.738515694907
-0.000050000000	-0.350000000000	18.738515694907
-0.000050000000	-0.300000000000	16.138515694907
-0.000050000000	-0.250000000000	13.938515694907
-0.000050000000	-0.200000000000	12.138515694907
-0.000050000000	-0.150000000000	10.738515694907
-0.000050000000	-0.100000000000	9.738515694907
-0.000050000000	-0.050000000000	9.138515694907
-0.000050000000	0.000000000000	8.938515694907
-0.000050000000	0.050000000000	9.138515694907
-0.000050000000	0.100000000000	9.738515694907
-0.000050000000	0.150000000000	10.738515694907
-0.000050000000	0.200000000000	12.138515694907
-0.000050000000	0.250000000000	13.938515694907
-0.000050000000	0.300000000000	16.138515694907
-0.000050000000	0.350000000000	18.738515694907
-0.000050000000	0.400000000000	21.738515694907
-0.000050000000	0.450000000000	25.138515694907
-0.000050000000	0.500000000000	28.938515694907
-0.000040000000	-0.500000000000	25.182567183555
-0.000040000000	-0.450000000000	21.382567183555
-0.000040000000	-0.400000000000	17.982567183555
-0.000040000000	-0.350000000000	14.982567183555
-0.000040000000	-0.300000000000	12.382567183555
-0.000040000000	-0.250000000000	10.182567183555
-0.000040000000	-0.200000000000	8.382567183555
-0.000040000000	-0.150000000000	6.982567183555
-0.000040000000	-0.100000000000	5.982567183555
-0.000040000000	-0.050000000000	5.382567183555
-0.000040000000	0.000000000000	5.182567183555
-0.000040000000	0.050000000000	5.382567183555
-0.000040000000	0.100000000000	5.982567183555
-0.000040000000	0.150000000000	6.982567183555
-0.000040000000	0.200000000000	8.382567183555
-0.000040000000	0.250000000000	10.182567183555
-0.000040000000	0.300000000000	12.382567183555
-0.000040000000	0.350000000000	14.982567183555
-0.000040000000	0.400000000000	17.982567183555
-0.000040000000	0.450000000000	21.382567183555
-0.000040000000	0.500000000000	25.182567183555
-0.000030000000	-0.500000000000	22.463553917441
-0.000030000000	-0.450000000000	18.663553917441
-0.000030000000	-0.400000000000	15.263553917441
-0.000030000000	-0.350000000000	12.263553917441
-0.000030000000	-0.300000000000	9.663553917441
-0.000030000000	-0.250000000000	7.463553917441
-0.000030000000	-0.200000000000	5.663553917441
-0.000030000000	-0.150000000000	4.263553917441
-0.000030000000	-0.100000000000	3.263553917441
-0.000030000000	-0.050000000000	2.663553917441
-0.000030000000	0.000000000000	2.463553917441
-0.000030000000	0.050000000000	2.663553917441
-0.000030000000	0.100000000000	3.263553917441
-0.000030000000	0.150000000000	4.263553917441
-0.000030000000	0.200000000000	5.663553917441
-0.000030000000	0.250000000000	7.463553917441
-0.000030000000	0.300000000000	9.663553917441
-0.000030000000	0.350000000000	12.263553917441
-0.000030000000	0.400000000000	15.263553917441
-0.000030000000	0.450000000000	18.663553917441
-0.000030000000	0.500000000000	22.463553917441
-0.000020000000	-0.500000000000	20.787114592009
-0.000020000000	-0.450000000000	16.987114592009
-0.000020000000	-0.400000000000	13.587114592009
-0.000020000000	-0.350000000000	10.587114592009
-0.000020000000	-0.300000000000	7.987114592009
-0.000020000000	-0.250000000000	5.787114592009
-0.000020000000	-0.200000000000	3.987114592009
-0.000020000000	-0.150000000000	2.587114592009
-0.000020000000	-0.100000000000	1.587114592009
-0.000020000000	-0.050000000000	0.987114592009
-0.000020000000	0.000000000000	0.787114592009
-0.000020000000	0.050000000000	0.987114592009
-0.000020000000	0.100000000000	1.587114592009
-0.000020000000	0.150000000000	2.587114592009
-0.000020000000	0.200000000000	3.987114592009
-0.000020000000	0.250000000000	5.787114592009
-0.000020000000	0.300000000000	7.987114592009
-0.000020000000	0.350000000000	10.587114592009
-0.000020000000	0.400000000000	13.587114592009
-0.000020000000	0.450000000000	16.987114592009
-0.000020000000	0.500000000000	20.787114592009
-0.000010000000	-0.500000000000	20.085022312490
-0.000010000000	-0.450000000000	16.285022312490
-0.000010000000	-0.400000000000	12.885022312490
-0.000010000000	-0.350000000000	9.885022312490
-0.000010000000	-0.300000000000	7.285022312490
-0.000010000000	-0.250000000000	5.085022312490
-0.000010000000	-0.200000000000	3.285022312490
-0.000010000000	-0.150000000000	1.885022312490
-0.000010000000	-0.100000000000	0.885022312490
-0.000010000000	-0.050000000000	0.285022312490
-0.000010000000	0.000000000000	0.085022312490
-0.000010000000	0.050000000000	0.285022312490
-0.000010000000	0.100000000000	0.885022312490
-0.000010000000	0.150000000000	1.885022312490
-0.000010000000	0.200000000000	3.285022312490
-0.000010000000	0.250000000000	5.085022312490
-0.000010000000	0.300000000000	7.285022312490
-0.000010000000	0.350000000000	9.885022312490
-0.000010000000	0.400000000000	12.885022312490
-0.000010000000	0.450000000000	16.285022312490
-0.000010000000	0.500000000000	20.085022312490
0.000000000000	-0.500000000000	20.000000000000
0.000000000000	-0.450000000000	16.200000000000
0.000000000000	-0.400000000000	12.800000000000
0.000000000000	-0.350000000000	9.800000000000
0.000000000000	-0.300000000000	7.200000000000
0.000000000000	-0.250000000000	5.000000000000
0.000000000000	-0.200000000000	3.200000000000
0.000000000000	-0.150000000000	1.800000000000
0.000000000000	-0.100000000000	0.800000000000
0.000000000000	-0.050000000000	0.200000000000
0.000000000000	0.000000000000	0.000000000000
0.000000000000	0.050000000000	0.200000000000
0.000000000000	0.100000000000	0.800000000000
0.000000000000	0.150000000000	1.800000000000
0.000000000000	0.200000000000	3.200000000000
0.000000000000	0.250000000000	5.000000000000
0.000000000000	0.300000000000	7.200000000000
0.000000000000	0.350000000000	9.800000000000
0.000000000000	0.400000000000	12.800000000000
0.000000000000	0.450000000000	16.200000000000
0.000000000000	0.500000000000	20.000000000000
0.000010000000	-0.500000000000	20.083323556302
0.000010000000	-0.450000000000	16.283323556302
0.000010000000	-0.400000000000	12.883323556302
0.000010000000	-0.350000000000	9.883323556302
0.000010000000	-0.300000000000	7.283323556302
0.000010000000	-0.250000000000	5.083323556302
0.000010000000	-0.200000000000	3.283323556302
0.000010000000	-0.150000000000	1.883323556302
0.000010000000	-0.100000000000	0.883323556302
0.000010000000	-0.050000000000	0.283323556302
0.000010000000	0.000000000000	0.083323556302
0.000010000000	0.050000000000	0.283323556302
0.000010000000	0.100000000000	0.883323556302
0.000010000000	0.150000000000	1.883323556302
0.000010000000	0.200000000000	3.283323556302
0.000010000000	0.250000000000	5.083323556302
0.000010000000	0.300000000000	7.283323556302
0.000010000000	0.350000000000	9.883323556302
0.000010000000	0.400000000000	12.883323556302
0.000010000000	0.450000000000	16.283323556302
0.000010000000	0.500000000000	20.083323556302
0.000020000000	-0.500000000000	20.780169959654
0.000020000000	-0.450000000000	16.980169959654
0.000020000000	-0.400000000000	13.580169959654
0.000020000000	-0.350000000000	10.580169959654
0.000020000000	-0.300000000000	7.980169959654
0.000020000000	-0.250000000000	5.780169959654
0.000020000000	-0.200000000000	3.980169959654
0.000020000000	-0.150000000000	2.580169959654
0.000020000000	-0.100000000000	1.580169959654
0.000020000000	-0.050000000000	0.980169959654
0.000020000000	0.000000000000	0.780169959654
0.000020000000	0.050000000000	0.980169959654
0.000020000000	0.100000000000	1.580169959654
0.000020000000	0.150000000000	2.580169959654
0.000020000000	0.200000000000	3.980169959654
0.000020000000	0.250000000000	5.780169959654
0.000020000000	0.300000000000	7.980169959654
0.000020000000	0.350000000000	10.580169959654
0.000020000000	0.400000000000	13.580169959654
0.000020000000	0.450000000000	16.980169959654
0.000020000000	0.500000000000	20.780169959654
0.000030000000	-0.500000000000	22.450371636893
0.000030000000	-0.450000000000	18.650371636893
0.000030000000	-0.400000000000	15.250371636893
0.000030000000	-0.350000000000	12.250371636893
0.000030000000	-0.300000000000	9.650371636893
0.000030000000	-0.250000000000	7.450371636893
0.000030000000	-0.200000000000	5.650371636893
0.000030000000	-0.150000000000	4.250371636893
0.000030000000	-0.100000000000	3.250371636893
0.000030000000	-0.050000000000	2.650371636893
0.000030000000	0.000000000000	2.450371636893
0.000030000000	0.050000000000	2.650371636893
0.000030000000	0.100000000000	3.250371636893
0.000030000000	0.150000000000	4.250371636893
0.000030000000	0.200000000000	5.650371636893
0.000030000000	0.250000000000	7.450371636893
0.000030000000	0.300000000000	9.650371636893
0.000030000000	0.350000000000	12.250371636893
0.000030000000	0.400000000000	15.250371636893
0.000030000000	0.450000000000	18.650371636893
0.000030000000	0.500000000000	22.450371636893
0.000040000000	-0.500000000000	25.163096130857
0.000040000000	-0.450000000000	21.363096130857
0.000040000000	-0.400000000000	17.963096130857
0.000040000000	-0.350000000000	14.963096130857
0.000040000000	-0.300000000000	12.363096130857
0.000040000000	-0.250000000000	10.163096130857
0.000040000000	-0.200000000000	8.363096130857
0.000040000000	-0.150000000000	6.963096130857
0.000040000000	-0.100000000000	5.963096130857
0.000040000000	-0.050000000000	5.363096130857
0.000040000000	0.000000000000	5.163096130857
0.000040000000	0.050000000000	5.363096130857
0.000040000000	0.100000000000	5.963096130857
0.000040000000	0.150000000000	6.963096130857
0.000040000000	0.200000000000	8.363096130857
0.000040000000	0.250000000000	10.163096130857
0.000040000000	0.300000000000	12.363096130857
0.000040000000	0.350000000000	14.963096130857
0.000040000000	0.400000000000	17.963096130857
0.000040000000	0.450000000000	21.363096130857
0.000040000000	0.500000000000	25.163096130857
0.000050000000	-0.500000000000	28.912863437670
0.000050000000	-0.450000000000	25.112863437670
0.000050000000	-0.400000000000	21.712863437670
0.000050000000	-0.350000000000	18.712863437670
0.000050000000	-0.300000000000	16.112863437670
0.000050000000	-0.250000000000	13.912863437670
0.000050000000	-0.200000000000	12.112863437670
0.000050000000	-0.150000000000	10.712863437670
0.000050000000	-0.100000000000	9.712863437670
0.000050000000	-0.050000000000	9.112863437670
0.000050000000	0.000000000000	8.912863437670
0.000050000000	0.050000000000	9.112863437670
0.000050000000	0.100000000000	9.712863437670
0.000050000000	0.150000000000	10.712863437670
0.000050000000	0.200000000000	12.112863437670
0.000050000000	0.250000000000	13.912863437670
0.000050000000	0.300000000000	16.112863437670
0.000050000000	0.350000000000	18.712863437670
0.000050000000	0.400000000000	21.712863437670
0.000050000000	0.450000000000	25.112863437670
0.000050000000	0.500000000000	28.912863437670
0.000060000000	-0.500000000000	33.683089733674
0.000060000000	-0.450000000000	29.883089733674
0.000060000000	-0.400000000000	26.483089733674
0.000060000000	-0.350000000000	23.483089733674
0.000060000000	-0.300000000000	20.883089733674
0.000060000000	-0.250000000000	18.683089733674
0.000060000000	-0.200000000000	16.883089733674
0.000060000000	-0.150000000000	15.483089733674
0.000060000000	-0.100000000000	14.483089733674
0.000060000000	-0.050000000000	13.883089733674
0.000060000000	0.000000000000	13.683089733674
0.000060000000	0.050000000000	13.883089733674
0.000060000000	0.100000000000	14.483089733674
0.000060000000	0.150000000000	15.483089733674
0.000060000000	0.200000000000	16.883089733674
0.000060000000	0.250000000000	18.683089733674
0.000060000000	0.300000000000	20.883089733674
0.000060000000	0.350000000000	23.483089733674
0.000060000000	0.400000000000	26.483089733674
0.000060000000	0.450000000000	29.883089733674
0.000060000000	0.500000000000	33.683089733674
0.000070000000	-0.500000000000	39.458882087339
0.000070000000	-0.450000000000	35.658882087339
0.000070000000	-0.400000000000	32.258882087339
0.000070000000	-0.350000000000	29.258882087339
0.000070000000	-0.300000000000	26.658882087339
0.000070000000	-0.250000000000	24.458882087339
0.000070000000	-0.200000000000	22.658882087339
0.000070000000	-0.150000000000	21.258882087339
0.000070000000	-0.100000000000	20.258882087339
0.000070000000	-0.050000000000	19.658882087339
0.000070000000	0.000000000000	19.458882087339
0.000070000000	0.050000000000	19.658882087339
0.000070000000	0.100000000000	20.258882087339
0.000070000000	0.150000000000	21.258882087339
0.000070000000	0.200000000000	22.658882087339
0.000070000000	0.250000000000	24.458882087339
0.000070000000	0.300000000000	26.658882087339
0.000070000000	0.350000000000	29.258882087339
0.000070000000	0.400000000000	32.258882087339
0.000070000000	0.450000000000	35.658882087339
0.000070000000	0.500000000000	39.458882087339
0.000080000000	-0.500000000000	46.228692387653
0.000080000000	-0.450000000000	42.428692387653
0.000080000000	-0.400000000000	39.028692387653
0.000080000000	-0.350000000000	36.028692387653
0.000080000000	-0.300000000000	33.428692387653
0.000080000000	-0.250000000000	31.228692387653
0.000080000000	-0.200000000000	29.428692387653
0.000080000000	-0.150000000000	28.028692387653
0.000080000000	-0.100000000000	27.028692387653
0.000080000000	-0.050000000000	26.428692387653
0.000080000000	0.000000000000	26.228692387653
0.000080000000	0.050000000000	26.428692387653
0.000080000000	0.100000000000	27.028692387653
0.000080000000	0.150000000000	28.028692387653
0.000080000000	0.200000000000	29.428692387653
0.000080000000	0.250000000000	31.228692387653
0.000080000000	0.300000000000	33.428692387653
0.000080000000	0.350000000000	36.028692387653
0.000080000000	0.400000000000	39.028692387653
0.000080000000	0.450000000000	42.428692387653
0.000080000000	0.500000000000	46.228692387653
0.000090000000	-0.500000000000	53.983824178472
0.000090000000	-0.450000000000	50.183824178472
0.000090000000	-0.400000000000	46.783824178472
0.000090000000	-0.350000000000	43.783824178472
0.000090000000	-0.300000000000	41.183824178472
0.000090000000	-0.250000000000	38.983824178472
0.000090000000	-0.200000000000	37.183824178472
0.000090000000	-0.150000000000	35.783824178472
0.000090000000	-0.100000000000	34.783824178472
0.000090000000	-0.050000000000	34.183824178472
0.000090000000	0.000000000000	33.983824178472
0.000090000000	0.050000000000	34.183824178472
0.000090000000	0.100000000000	34.783824178472
0.000090000000	0.150000000000	35.783824178472
0.000090000000	0.200000000000	37.183824178472
0.000090000000	0.250000000000	38.983824178472
0.000090000000	0.300000000000	41.183824178472
0.000090000000	0.350000000000	43.783824178472
0.000090000000	0.400000000000	46.783824178472
0.000090000000	0.450000000000	50.183824178472
0.000090000000	0.500000000000	53.983824178472
0.000100000000	-0.500000000000	62.717713111307
0.000100000000	-0.450000000000	58.917713111307
0.000100000000	-0.400000000000	55.517713111307
0.000100000000	-0.350000000000	52.517713111307
0.000100000000	-0.300000000000	49.917713111307
0.000100000000	-0.250000000000	47.717713111307
0.000100000000	-0.200000000000	45.917713111307
0.000100000000	-0.150000000000	44.517713111307
0.000100000000	-0.100000000000	43.517713111307
0.000100000000	-0.050000000000	42.917713111307
0.000100000000	0.000000000000	42.717713111307
0.000100000000	0.050000000000	42.917713111307
0.000100000000	0.100000000000	43.517713111307
0.000100000000	0.150000000000	44.517713111307
0.000100000000	0.200000000000	45.917713111307
0.000100000000	0.250000000000	47.717713111307
0.000100000000	0.300000000000	49.917713111307
0.000100000000	0.350000000000	52.517713111307
0.000100000000	0.400000000000	55.517713111307
0.000100000000	0.450000000000	58.917713111307
0.000100000000	0.500000000000	62.717713111307
