-0.000100000000	-0.500000000000	79.548524648288
-0.000100000000	-0.475000000000	70.266271615872
-0.000100000000	-0.450000000000	61.833937583072
-0.000100000000	-0.425000000000	54.189456558064
-0.000100000000	-0.400000000000	47.278256986542
-0.000100000000	-0.375000000000	41.052092519537
-0.000100000000	-0.350000000000	35.468093393140
-0.000100000000	-0.325000000000	30.487990113069
-0.000100000000	-0.300000000000	26.077473073840
-0.000100000000	-0.275000000000	22.205660416895
-0.000100000000	-0.250000000000	18.844652815546
-0.000100000000	-0.225000000000	15.969158627038
-0.000100000000	-0.200000000000	13.556176428463
-0.000100000000	-0.175000000000	11.584724671689
-0.000100000000	-0.150000000000	10.035610278021
-0.000100000000	-0.125000000000	8.891229607420
-0.000100000000	-0.100000000000	8.135396496371
-0.000100000000	-0.075000000000	7.753193048651
-0.000100000000	-0.050000000000	7.730839647225
-0.000100000000	-0.025000000000	8.055581280575
-0.000100000000	0.000000000000	8.715587778269
-0.000100000000	0.025000000000	9.699865955395
-0.000100000000	0.050000000000	10.998181994066
-0.000100000000	0.075000000000	12.600992658480
-0.000100000000	0.100000000000	14.499384160020
-0.000100000000	0.125000000000	16.685017670309
-0.000100000000	0.150000000000	19.150080630375
-0.000100000000	0.175000000000	21.887243129082
-0.000100000000	0.200000000000	24.889618728401
-0.000100000000	0.225000000000	28.150729200695
-0.000100000000	0.250000000000	31.664472716926
-0.000100000000	0.275000000000	35.425095087051
-0.000100000000	0.300000000000	39.427163706715
-0.000100000000	0.325000000000	43.665543909368
-0.000100000000	0.350000000000	48.135377461312
-0.000100000000	0.375000000000	52.832062970104
-0.000100000000	0.400000000000	57.751238004999
-0.000100000000	0.425000000000	62.888762752445
-0.000100000000	0.450000000000	68.240705050696
-0.000100000000	0.475000000000	73.803326665804
-0.000100000000	0.500000000000	79.573070687101
-0.000095000000	-0.500000000000	80.235711001801
-0.000095000000	-0.475000000000	70.788943576141
-0.000095000000	-0.450000000000	62.202732558890
-0.000095000000	-0.425000000000	54.413949222778
-0.000095000000	-0.400000000000	47.367103004502
-0.000095000000	-0.375000000000	41.013147914419
-0.000095000000	-0.350000000000	35.308514475700
-0.000095000000	-0.325000000000	30.214317744117
-0.000095000000	-0.300000000000	25.695704193739
-0.000095000000	-0.275000000000	21.721309140452
-0.000095000000	-0.250000000000	18.262802912129
-0.000095000000	-0.225000000000	15.294508839083
-0.000095000000	-0.200000000000	12.793079798100
-0.000095000000	-0.175000000000	10.737222824113
-0.000095000000	-0.150000000000	9.107463436347
-0.000095000000	-0.125000000000	7.885942975835
-0.000095000000	-0.100000000000	7.056243538274
-0.000095000000	-0.075000000000	6.603236097862
-0.000095000000	-0.050000000000	6.512948218628
-0.000095000000	-0.025000000000	6.772448388135
-0.000095000000	0.000000000000	7.369744520503
-0.000095000000	0.025000000000	8.293694588926
-0.000095000000	0.050000000000	9.533927683277
-0.000095000000	0.075000000000	11.080774062078
-0.000095000000	0.100000000000	12.925202992641
-0.000095000000	0.125000000000	15.058767358196
-0.000095000000	0.150000000000	17.473554164118
-0.000095000000	0.175000000000	20.162140202757
-0.000095000000	0.200000000000	23.117552242919
-0.000095000000	0.225000000000	26.333231199266
-0.000095000000	0.250000000000	29.802999812136
-0.000095000000	0.275000000000	33.521033431780
-0.000095000000	0.300000000000	37.481833554890
-0.000095000000	0.325000000000	41.680203807134
-0.000095000000	0.350000000000	46.111228104554
-0.000095000000	0.375000000000	50.770250760163
-0.000095000000	0.400000000000	55.652858330907
-0.000095000000	0.425000000000	60.754863024902
-0.000095000000	0.450000000000	66.072287510297
-0.000095000000	0.475000000000	71.601350985673
-0.000095000000	0.500000000000	77.338456387960
-0.000090000000	-0.500000000000	81.072178573059
-0.000090000000	-0.475000000000	71.459623103853
-0.000090000000	-0.450000000000	62.718500328259
-0.000090000000	-0.425000000000	54.784587072531
-0.000090000000	-0.400000000000	47.601446731941
-0.000090000000	-0.375000000000	41.119210523939
-0.000090000000	-0.350000000000	35.293589345441
-0.000090000000	-0.325000000000	30.085065608411
-0.000090000000	-0.300000000000	25.458226968184
-0.000090000000	-0.275000000000	21.381212964051
-0.000090000000	-0.250000000000	17.825252286627
-0.000090000000	-0.225000000000	14.764273367153
-0.000090000000	-0.200000000000	12.174574729367
-0.000090000000	-0.175000000000	10.034544389657
-0.000090000000	-0.150000000000	8.324419772652
-0.000090000000	-0.125000000000	7.026081296651
-0.000090000000	-0.100000000000	6.122874099015
-0.000090000000	-0.075000000000	5.599453405567
-0.000090000000	-0.050000000000	5.441649866340
-0.000090000000	-0.025000000000	5.636351832159
-0.000090000000	0.000000000000	6.171402069460
-0.000090000000	0.025000000000	7.035506832767
-0.000090000000	0.050000000000	8.218155556619
-0.000090000000	0.075000000000	9.709549708132
-0.000090000000	0.100000000000	11.500539570489
-0.000090000000	0.125000000000	13.582567916477
-0.000090000000	0.150000000000	15.947619687495
-0.000090000000	0.175000000000	18.588176923511
-0.000090000000	0.200000000000	21.497178298003
-0.000090000000	0.225000000000	24.667982702979
-0.000090000000	0.250000000000	28.094336405825
-0.000090000000	0.275000000000	31.770343364482
-0.000090000000	0.300000000000	35.690438342384
-0.000090000000	0.325000000000	39.849362511271
-0.000090000000	0.350000000000	44.242141269911
-0.000090000000	0.375000000000	48.864064040874
-0.000090000000	0.400000000000	53.710665836854
-0.000090000000	0.425000000000	58.777710413248
-0.000090000000	0.450000000000	64.061174845577
-0.000090000000	0.475000000000	69.557235389160
-0.000090000000	0.500000000000	75.262254494897
-0.000085000000	-0.500000000000	82.044878203584
-0.000085000000	-0.475000000000	72.265605085534
-0.000085000000	-0.450000000000	63.368874555476
-0.000085000000	-0.425000000000	55.289336001824
-0.000085000000	-0.400000000000	47.969578820100
-0.000085000000	-0.375000000000	41.358887633779
-0.000085000000	-0.350000000000	35.412233367896
-0.000085000000	-0.325000000000	30.089448333529
-0.000085000000	-0.300000000000	25.354546337451
-0.000085000000	-0.275000000000	21.175158161929
-0.000085000000	-0.250000000000	17.522059617912
-0.000085000000	-0.225000000000	14.368774475120
-0.000085000000	-0.200000000000	11.691238406780
-0.000085000000	-0.175000000000	9.467512998312
-0.000085000000	-0.150000000000	7.677541101073
-0.000085000000	-0.125000000000	6.302936537954
-0.000085000000	-0.100000000000	5.326802513036
-0.000085000000	-0.075000000000	4.733574134429
-0.000085000000	-0.050000000000	4.508881295819
-0.000085000000	-0.025000000000	4.639428828572
-0.000085000000	0.000000000000	5.112891370512
-0.000085000000	0.025000000000	5.917820828502
-0.000085000000	0.050000000000	7.043564661644
-0.000085000000	0.075000000000	8.480193497136
-0.000085000000	0.100000000000	10.218436824743
-0.000085000000	0.125000000000	12.249625708538
-0.000085000000	0.150000000000	14.565641614137
-0.000085000000	0.175000000000	17.158870582281
-0.000085000000	0.200000000000	20.022162090433
-0.000085000000	0.225000000000	23.148792036896
-0.000085000000	0.250000000000	26.532429360181
-0.000085000000	0.275000000000	30.167105872345
-0.000085000000	0.300000000000	34.047188941052
-0.000085000000	0.325000000000	38.167356702714
-0.000085000000	0.350000000000	42.522575529723
-0.000085000000	0.375000000000	47.108079509587
-0.000085000000	0.400000000000	51.919351723682
-0.000085000000	0.425000000000	56.952107139029
-0.000085000000	0.450000000000	62.202276948780
-0.000085000000	0.475000000000	67.665994216301
-0.000085000000	0.500000000000	73.339580694471
-0.000080000000	-0.500000000000	83.139353408667
-0.000080000000	-0.475000000000	73.192867996785
-0.000080000000	-0.450000000000	64.140257004944
-0.000080000000	-0.425000000000	55.915008555188
-0.000080000000	-0.400000000000	48.458709586093
-0.000080000000	-0.375000000000	41.719774083205
-0.000080000000	-0.350000000000	35.652412604019
-0.000080000000	-0.325000000000	30.215789995846
-0.000080000000	-0.300000000000	25.373331388035
-0.000080000000	-0.275000000000	21.092146104195
-0.000080000000	-0.250000000000	17.342546167446
-0.000080000000	-0.225000000000	14.097641295961
-0.000080000000	-0.200000000000	11.332996212261
-0.000080000000	-0.175000000000	9.026339070241
-0.000080000000	-0.150000000000	7.157312087911
-0.000080000000	-0.125000000000	5.707257239441
-0.000080000000	-0.100000000000	4.659031236280
-0.000080000000	-0.075000000000	3.996845107966
-0.000080000000	-0.050000000000	3.706124548363
-0.000080000000	-0.025000000000	3.773387874183
-0.000080000000	0.000000000000	4.186138988646
-0.000080000000	0.025000000000	4.932773183556
-0.000080000000	0.050000000000	6.002493970245
-0.000080000000	0.075000000000	7.385239421243
-0.000080000000	0.100000000000	9.071616743338
-0.000080000000	0.125000000000	11.052843999506
-0.000080000000	0.150000000000	13.320698060038
-0.000080000000	0.175000000000	15.867467998612
-0.000080000000	0.200000000000	18.685913262127
-0.000080000000	0.225000000000	21.769226037856
-0.000080000000	0.250000000000	25.110997321280
-0.000080000000	0.275000000000	28.705186255286
-0.000080000000	0.300000000000	32.546092368579
-0.000080000000	0.325000000000	36.628330389657
-0.000080000000	0.350000000000	40.946807354234
-0.000080000000	0.375000000000	45.496701759402
-0.000080000000	0.400000000000	50.273444548334
-0.000080000000	0.425000000000	55.272701735558
-0.000080000000	0.450000000000	60.490358505453
-0.000080000000	0.475000000000	65.922504636285
-0.000080000000	0.500000000000	71.565421119062
-0.000075000000	-0.500000000000	84.339647524286
-0.000075000000	-0.475000000000	74.225996593468
-0.000075000000	-0.450000000000	65.017753815393
-0.000075000000	-0.425000000000	56.647212073908
-0.000075000000	-0.400000000000	49.054927539110
-0.000075000000	-0.375000000000	42.188419866440
-0.000075000000	-0.350000000000	36.001119346165
-0.000075000000	-0.325000000000	30.451506592795
-0.000075000000	-0.300000000000	25.502403886481
-0.000075000000	-0.275000000000	21.120387085041
-0.000075000000	-0.250000000000	17.275294228340
-0.000075000000	-0.225000000000	13.939812309794
-0.000075000000	-0.200000000000	11.089127711583
-0.000075000000	-0.175000000000	8.700628852378
-0.000075000000	-0.150000000000	6.753651934671
-0.000075000000	-0.125000000000	5.229262485973
-0.000075000000	-0.100000000000	4.110066796284
-0.000075000000	-0.075000000000	3.380048460022
-0.000075000000	-0.050000000000	3.024426105201
-0.000075000000	-0.025000000000	3.029529089134
-0.000075000000	0.000000000000	3.382688498189
-0.000075000000	0.025000000000	4.072141239263
-0.000075000000	0.050000000000	5.086945375730
-0.000075000000	0.075000000000	6.416905158312
-0.000075000000	0.100000000000	8.052504445326
-0.000075000000	0.125000000000	9.984847407799
-0.000075000000	0.150000000000	12.205605581222
-0.000075000000	0.175000000000	14.706970464035
-0.000075000000	0.200000000000	17.481610978321
-0.000075000000	0.225000000000	20.522635204955
-0.000075000000	0.250000000000	23.823555886842
-0.000075000000	0.275000000000	27.378259262648
-0.000075000000	0.300000000000	31.180976851671
-0.000075000000	0.325000000000	35.226259860078
-0.000075000000	0.350000000000	39.508955921005
-0.000075000000	0.375000000000	44.024187917195
-0.000075000000	0.400000000000	48.767334665950
-0.000075000000	0.425000000000	53.734013272874
-0.000075000000	0.450000000000	58.920062984020
-0.000075000000	0.475000000000	64.321530386027
-0.000075000000	0.500000000000	69.934655821176
-0.000070000000	-0.500000000000	85.628227501113
-0.000070000000	-0.475000000000	75.348122188847
-0.000070000000	-0.450000000000	65.985129947250
-0.000070000000	-0.425000000000	57.470315325543
-0.000070000000	-0.400000000000	49.743176481064
-0.000070000000	-0.375000000000	42.750316229990
-0.000070000000	-0.350000000000	36.444365939895
-0.000070000000	-0.325000000000	30.783106490082
-0.000070000000	-0.300000000000	25.728744401384
-0.000070000000	-0.275000000000	21.247311296395
-0.000070000000	-0.250000000000	17.308162237176
-0.000070000000	-0.225000000000	13.883553974847
-0.000070000000	-0.200000000000	10.948288266965
-0.000070000000	-0.175000000000	8.479408545549
-0.000070000000	-0.150000000000	6.455940613570
-0.000070000000	-0.125000000000	4.858669898162
-0.000070000000	-0.100000000000	3.669949230361
-0.000070000000	-0.075000000000	2.873532252918
-0.000070000000	-0.050000000000	2.454428452648
-0.000070000000	-0.025000000000	2.398776526317
-0.000070000000	0.000000000000	2.693733360043
-0.000070000000	0.025000000000	3.327376362515
-0.000070000000	0.050000000000	4.288617265572
-0.000070000000	0.075000000000	5.567125810033
-0.000070000000	0.100000000000	7.153261984022
-0.000070000000	0.125000000000	9.038015686447
-0.000070000000	0.150000000000	11.212952858221
-0.000070000000	0.175000000000	13.670167265053
-0.000070000000	0.200000000000	16.402237233518
-0.000070000000	0.225000000000	19.402186740910
-0.000070000000	0.250000000000	22.663450342502
-0.000070000000	0.275000000000	26.179841490003
-0.000070000000	0.300000000000	29.945523854485
-0.000070000000	0.325000000000	33.954985317628
-0.000070000000	0.350000000000	38.203014338268
-0.000070000000	0.375000000000	42.684678438147
-0.000070000000	0.400000000000	47.395304582482
-0.000070000000	0.425000000000	52.330461258199
-0.000070000000	0.450000000000	57.485942076304
-0.000070000000	0.475000000000	62.857750745166
-0.000070000000	0.500000000000	68.442087279242
-0.000065000000	-0.500000000000	86.985934258040
-0.000065000000	-0.475000000000	76.540889723667
-0.000065000000	-0.450000000000	67.024790326909
-0.000065000000	-0.425000000000	58.367441487391
-0.000065000000	-0.400000000000	50.507258435808
-0.000065000000	-0.375000000000	43.389906941051
-0.000065000000	-0.350000000000	36.967203026531
-0.000065000000	-0.325000000000	31.196214477050
-0.000065000000	-0.300000000000	26.038521182405
-0.000065000000	-0.275000000000	21.459601687236
-0.000065000000	-0.250000000000	17.428320893993
-0.000065000000	-0.225000000000	13.916499493673
-0.000065000000	-0.200000000000	10.898549924638
-0.000065000000	-0.175000000000	8.351166864946
-0.000065000000	-0.150000000000	6.253062717755
-0.000065000000	-0.125000000000	4.584740445045
-0.000065000000	-0.100000000000	3.328297581343
-0.000065000000	-0.075000000000	2.467256417955
-0.000065000000	-0.050000000000	1.986416264366
-0.000065000000	-0.025000000000	1.871724422736
-0.000065000000	0.000000000000	2.110163095671
-0.000065000000	0.025000000000	2.689649918375
-0.000065000000	0.050000000000	3.598950188081
-0.000065000000	0.075000000000	4.827599174854
-0.000065000000	0.100000000000	6.365833152838
-0.000065000000	0.125000000000	8.204528000975
-0.000065000000	0.150000000000	10.335144395920
-0.000065000000	0.175000000000	12.749678764184
-0.000065000000	0.200000000000	15.440619280992
-0.000065000000	0.225000000000	18.400906304240
-0.000065000000	0.250000000000	21.623896716841
-0.000065000000	0.275000000000	25.103331722393
-0.000065000000	0.300000000000	28.833307699840
-0.000065000000	0.325000000000	32.808249774408
-0.000065000000	0.350000000000	37.022887806144
-0.000065000000	0.375000000000	41.472234535051
-0.000065000000	0.400000000000	46.151565654148
-0.000065000000	0.425000000000	51.056401609619
-0.000065000000	0.450000000000	56.182490951244
-0.000065000000	0.475000000000	61.525795077076
-0.000065000000	0.500000000000	67.082474234381
-0.000060000000	-0.500000000000	88.391971953632
-0.000060000000	-0.475000000000	77.784462896254
-0.000060000000	-0.450000000000	68.117797938770
-0.000060000000	-0.425000000000	59.320496795658
-0.000060000000	-0.400000000000	51.329870855684
-0.000060000000	-0.375000000000	44.090632386147
-0.000060000000	-0.350000000000	37.553769145439
-0.000060000000	-0.325000000000	31.675625713920
-0.000060000000	-0.300000000000	26.417147484893
-0.000060000000	-0.275000000000	21.743253857366
-0.000060000000	-0.250000000000	17.622314950103
-0.000060000000	-0.225000000000	14.025711931336
-0.000060000000	-0.200000000000	10.927465393206
-0.000060000000	-0.175000000000	8.303919486962
-0.000060000000	-0.150000000000	6.133472050970
-0.000060000000	-0.125000000000	4.396342906588
-0.000060000000	-0.100000000000	3.074374009838
-0.000060000000	-0.075000000000	2.150856333961
-0.000060000000	-0.050000000000	1.610379296202
-0.000060000000	-0.025000000000	1.438699288933
-0.000060000000	0.000000000000	1.622624473285
-0.000060000000	0.025000000000	2.149913475455
-0.000060000000	0.050000000000	3.009186016488
-0.000060000000	0.075000000000	4.189843824721
-0.000060000000	0.100000000000	5.682000440836
-0.000060000000	0.125000000000	7.476418740197
-0.000060000000	0.150000000000	9.564455174680
-0.000060000000	0.175000000000	11.938009883770
-0.000060000000	0.200000000000	14.589481947745
-0.000060000000	0.225000000000	17.511729158901
-0.000060000000	0.250000000000	20.698031773474
-0.000060000000	0.275000000000	24.142059780129
-0.000060000000	0.300000000000	27.837843282869
-0.000060000000	0.325000000000	31.779745648946
-0.000060000000	0.350000000000	35.962439117303
-0.000060000000	0.375000000000	40.380882601511
-0.000060000000	0.400000000000	45.030301454197
-0.000060000000	0.425000000000	49.906168988318
-0.000060000000	0.450000000000	55.004189575160
-0.000060000000	0.475000000000	60.320283160156
-0.000060000000	0.500000000000	65.850571055992
-0.000055000000	-0.500000000000	89.823951351335
-0.000055000000	-0.475000000000	79.057580939221
-0.000055000000	-0.450000000000	69.243941016669
-0.000055000000	-0.425000000000	60.310245721378
-0.000055000000	-0.400000000000	52.192687809010
-0.000055000000	-0.375000000000	44.835015167604
-0.000055000000	-0.350000000000	38.187379437624
-0.000055000000	-0.325000000000	32.205396485520
-0.000055000000	-0.300000000000	26.849373516642
-0.000055000000	-0.275000000000	22.083668503574
-0.000055000000	-0.250000000000	17.876155594048
-0.000055000000	-0.225000000000	14.197776091557
-0.000055000000	-0.200000000000	11.022159050793
-0.000055000000	-0.175000000000	8.325298902577
-0.000055000000	-0.150000000000	6.085280103705
-0.000055000000	-0.125000000000	4.282040799594
-0.000055000000	-0.100000000000	2.897169038504
-0.000055000000	-0.075000000000	1.913726292782
-0.000055000000	-0.050000000000	1.316094003919
-0.000055000000	-0.025000000000	1.089839633127
-0.000055000000	0.000000000000	1.221599311572
-0.000055000000	0.025000000000	1.698974677898
-0.000055000000	0.050000000000	2.510441890491
-0.000055000000	0.075000000000	3.645271127735
-0.000055000000	0.100000000000	5.093455156290
-0.000055000000	0.125000000000	6.845645767060
-0.000055000000	0.150000000000	8.893097060051
-0.000055000000	0.175000000000	11.227614710189
-0.000055000000	0.200000000000	13.841510471936
-0.000055000000	0.225000000000	16.727561285952
-0.000055000000	0.250000000000	19.878972439617
-0.000055000000	0.275000000000	23.289344308012
-0.000055000000	0.300000000000	26.952642265291
-0.000055000000	0.325000000000	30.863169410190
-0.000055000000	0.350000000000	35.015541795294
-0.000055000000	0.375000000000	39.404665888970
-0.000055000000	0.400000000000	44.025718032499
-0.000055000000	0.425000000000	48.874125683955
-0.000055000000	0.450000000000	53.945550265359
-0.000055000000	0.475000000000	59.235871451254
-0.000055000000	0.500000000000	64.741172755629
-0.000050000000	-0.500000000000	91.258004578579
-0.000050000000	-0.475000000000	80.337682209072
-0.000050000000	-0.450000000000	70.381862625487
-0.000050000000	-0.425000000000	61.316444318016
-0.000050000000	-0.400000000000	53.076495350544
-0.000050000000	-0.375000000000	45.604796135503
-0.000050000000	-0.350000000000	38.850661280527
-0.000050000000	-0.325000000000	32.768978620771
-0.000050000000	-0.300000000000	27.319419015315
-0.000050000000	-0.275000000000	22.465781680804
-0.000050000000	-0.250000000000	18.175448043936
-0.000050000000	-0.225000000000	14.418923184649
-0.000050000000	-0.200000000000	11.169448510336
-0.000050000000	-0.175000000000	8.402672763296
-0.000050000000	-0.150000000000	6.096371111931
-0.000050000000	-0.125000000000	4.230204120081
-0.000050000000	-0.100000000000	2.785509979363
-0.000050000000	-0.075000000000	1.745124636675
-0.000050000000	-0.050000000000	1.093225434323
-0.000050000000	-0.025000000000	0.815194663907
-0.000050000000	0.000000000000	0.897500062459
-0.000050000000	0.025000000000	1.327589784624
-0.000050000000	0.050000000000	2.093799794010
-0.000050000000	0.075000000000	3.185271950238
-0.000050000000	0.100000000000	4.591881341250
-0.000050000000	0.125000000000	6.304171635012
-0.000050000000	0.150000000000	8.313297410497
-0.000050000000	0.175000000000	10.610972581997
-0.000050000000	0.200000000000	13.189424159433
-0.000050000000	0.225000000000	16.041350695003
-0.000050000000	0.250000000000	19.159884857037
-0.000050000000	0.275000000000	22.538559648292
-0.000050000000	0.300000000000	26.171277850593
-0.000050000000	0.325000000000	30.052284332694
-0.000050000000	0.350000000000	34.176140905046
-0.000050000000	0.375000000000	38.537703445247
-0.000050000000	0.400000000000	43.132101052282
-0.000050000000	0.425000000000	47.954717017229
-0.000050000000	0.450000000000	53.001171423618
-0.000050000000	0.475000000000	58.267305212647
-0.000050000000	0.500000000000	63.749165567642
-0.000045000000	-0.500000000000	92.668990422994
-0.000045000000	-0.475000000000	81.601111014746
-0.000045000000	-0.450000000000	71.509266730072
-0.000045000000	-0.425000000000	62.318043841608
-0.000045000000	-0.400000000000	53.961391463820
-0.000045000000	-0.375000000000	46.381129775058
-0.000045000000	-0.350000000000	39.525744512454
-0.000045000000	-0.325000000000	33.349404152072
-0.000045000000	-0.300000000000	27.811152097905
-0.000045000000	-0.275000000000	22.874237716468
-0.000045000000	-0.250000000000	18.505558492049
-0.000045000000	-0.225000000000	14.675191836024
-0.000045000000	-0.200000000000	11.355999776295
-0.000045000000	-0.175000000000	8.523293307558
-0.000045000000	-0.150000000000	6.154545901368
-0.000045000000	-0.125000000000	4.229147772071
-0.000045000000	-0.100000000000	2.728194125977
-0.000045000000	-0.075000000000	1.634301900056
-0.000045000000	-0.050000000000	0.931450506319
-0.000045000000	-0.025000000000	0.604842901058
-0.000045000000	0.000000000000	0.640783940729
-0.000045000000	0.025000000000	1.026573503673
-0.000045000000	0.050000000000	1.750412275916
-0.000045000000	0.075000000000	2.801318440484
-0.000045000000	0.100000000000	4.169053788988
-0.000045000000	0.125000000000	5.844058003951
-0.000045000000	0.150000000000	7.817390050245
-0.000045000000	0.175000000000	10.080675771650
-0.000045000000	0.200000000000	12.626060919923
-0.000045000000	0.225000000000	15.446168953837
-0.000045000000	0.250000000000	18.534063038075
-0.000045000000	0.275000000000	21.883211749852
-0.000045000000	0.300000000000	25.487458067200
-0.000045000000	0.325000000000	29.340991268898
-0.000045000000	0.350000000000	33.438321423845
-0.000045000000	0.375000000000	37.774256188555
-0.000045000000	0.400000000000	42.343879666476
-0.000045000000	0.425000000000	47.142533112979
-0.000045000000	0.450000000000	52.165797295883
-0.000045000000	0.475000000000	57.409476343830
-0.000045000000	0.500000000000	62.869582934334
-0.000040000000	-0.500000000000	94.030809276288
-0.000040000000	-0.475000000000	82.823423605136
-0.000040000000	-0.450000000000	72.603214007994
-0.000040000000	-0.425000000000	63.293475673638
-0.000040000000	-0.400000000000	54.827059742352
-0.000040000000	-0.375000000000	47.144846555024
-0.000040000000	-0.350000000000	40.194512542292
-0.000040000000	-0.325000000000	33.929525409973
-0.000040000000	-0.300000000000	28.308318652549
-0.000040000000	-0.275000000000	23.293608269831
-0.000040000000	-0.250000000000	18.851823238197
-0.000040000000	-0.225000000000	14.952627719560
-0.000040000000	-0.200000000000	11.568517811836
-0.000040000000	-0.175000000000	8.674479294674
-0.000040000000	-0.150000000000	6.247695614158
-0.000040000000	-0.125000000000	4.267297501748
-0.000040000000	-0.100000000000	2.714147295744
-0.000040000000	-0.075000000000	1.570652344633
-0.000040000000	-0.050000000000	0.820602906571
-0.000040000000	-0.025000000000	0.449030781877
-0.000040000000	0.000000000000	0.442085573459
-0.000040000000	0.025000000000	0.786925999766
-0.000040000000	0.050000000000	1.471624113679
-0.000040000000	0.075000000000	2.485080629803
-0.000040000000	0.100000000000	3.816949848268
-0.000040000000	0.125000000000	5.457572898013
-0.000040000000	0.150000000000	7.397918216596
-0.000040000000	0.175000000000	9.629528344645
-0.000040000000	0.200000000000	12.144472247279
-0.000040000000	0.225000000000	14.935302487200
-0.000040000000	0.250000000000	17.995016668533
-0.000040000000	0.275000000000	21.317022650083
-0.000040000000	0.300000000000	24.895107094080
-0.000040000000	0.325000000000	28.723406973647
-0.000040000000	0.350000000000	32.796383711023
-0.000040000000	0.375000000000	37.108799660205
-0.000040000000	0.400000000000	41.655696683416
-0.000040000000	0.425000000000	46.432376601510
-0.000040000000	0.450000000000	51.434383324927
-0.000040000000	0.475000000000	56.657486494694
-0.000040000000	0.500000000000	62.097666482830
-0.000035000000	-0.500000000000	95.316844754628
-0.000035000000	-0.475000000000	83.979806932242
-0.000035000000	-0.450000000000	73.640518258615
-0.000035000000	-0.425000000000	64.221026156467
-0.000035000000	-0.400000000000	55.653123597606
-0.000035000000	-0.375000000000	47.876787543511
-0.000035000000	-0.350000000000	40.838918445301
-0.000035000000	-0.325000000000	34.492313672721
-0.000035000000	-0.300000000000	28.794824593861
-0.000035000000	-0.275000000000	23.708659208511
-0.000035000000	-0.250000000000	19.199801156941
-0.000035000000	-0.225000000000	15.237522534193
-0.000035000000	-0.200000000000	11.793972890282
-0.000035000000	-0.175000000000	8.843830543155
-0.000035000000	-0.150000000000	6.364005193538
-0.000035000000	-0.125000000000	4.333383037196
-0.000035000000	-0.100000000000	2.732607284965
-0.000035000000	-0.075000000000	1.543888344216
-0.000035000000	-0.050000000000	0.750838975356
-0.000035000000	-0.025000000000	0.338330579042
-0.000035000000	0.000000000000	0.292367443290
-0.000035000000	0.025000000000	0.599976321418
-0.000035000000	0.050000000000	1.249109150323
-0.000035000000	0.075000000000	2.228557075371
-0.000035000000	0.100000000000	3.527874240090
-0.000035000000	0.125000000000	5.137310038773
-0.000035000000	0.150000000000	7.047748728292
-0.000035000000	0.175000000000	9.250655459840
-0.000035000000	0.200000000000	11.738027928330
-0.000035000000	0.225000000000	14.502352951784
-0.000035000000	0.250000000000	17.536567389345
-0.000035000000	0.275000000000	20.834022887694
-0.000035000000	0.300000000000	24.388454014342
-0.000035000000	0.325000000000	28.193949394559
-0.000035000000	0.350000000000	32.244925518397
-0.000035000000	0.375000000000	36.536102926686
-0.000035000000	0.400000000000	41.062484521259
-0.000035000000	0.425000000000	45.819335775963
-0.000035000000	0.450000000000	50.802166651930
-0.000035000000	0.475000000000	56.006715043933
-0.000035000000	0.500000000000	61.428931604820
-0.000030000000	-0.500000000000	96.500543451417
-0.000030000000	-0.475000000000	85.045618472246
-0.000030000000	-0.450000000000	74.598249223550
-0.000030000000	-0.425000000000	65.079305238812
-0.000030000000	-0.400000000000	56.419583402717
-0.000030000000	-0.375000000000	48.558212547650
-0.000030000000	-0.350000000000	41.441366412773
-0.000030000000	-0.325000000000	35.021216057380
-0.000030000000	-0.300000000000	29.255070151132
-0.000030000000	-0.275000000000	24.104664083228
-0.000030000000	-0.250000000000	19.535567993605
-0.000030000000	-0.225000000000	15.516690613079
-0.000030000000	-0.200000000000	12.019860878301
-0.000030000000	-0.175000000000	9.019473129178
-0.000030000000	-0.150000000000	6.492184630018
-0.000030000000	-0.125000000000	4.416656415899
-0.000030000000	-0.100000000000	2.773330221656
-0.000030000000	-0.075000000000	1.544235625661
-0.000030000000	-0.050000000000	0.712822624912
-0.000030000000	-0.025000000000	0.263815719056
-0.000030000000	0.000000000000	0.183086269320
-0.000030000000	0.025000000000	0.457540451962
-0.000030000000	0.050000000000	1.075020573697
-0.000030000000	0.075000000000	2.024217880866
-0.000030000000	0.100000000000	3.294595292030
-0.000030000000	0.125000000000	4.876318728430
-0.000030000000	0.150000000000	6.760195918945
-0.000030000000	0.175000000000	8.937621723758
-0.000030000000	0.200000000000	11.400529160635
-0.000030000000	0.225000000000	14.141345434486
-0.000030000000	0.250000000000	17.152952368963
-0.000030000000	0.275000000000	20.428650721505
-0.000030000000	0.300000000000	23.962127933161
-0.000030000000	0.325000000000	27.747428923865
-0.000030000000	0.350000000000	31.778929594382
-0.000030000000	0.375000000000	36.051312739315
-0.000030000000	0.400000000000	40.559546112568
-0.000030000000	0.425000000000	45.298862418453
-0.000030000000	0.450000000000	50.264741029042
-0.000030000000	0.475000000000	55.452891252049
-0.000030000000	0.500000000000	60.859236994034
-0.000025000000	-0.500000000000	97.556134581434
-0.000025000000	-0.475000000000	85.997046628496
-0.000025000000	-0.450000000000	75.454339750240
-0.000025000000	-0.425000000000	65.847805748212
-0.000025000000	-0.400000000000	57.107332629398
-0.000025000000	-0.375000000000	49.171277339390
-0.000025000000	-0.350000000000	41.985153819070
-0.000025000000	-0.325000000000	35.500565762877
-0.000025000000	-0.300000000000	29.674331253793
-0.000025000000	-0.275000000000	24.467759297768
-0.000025000000	-0.250000000000	19.846047675344
-0.000025000000	-0.225000000000	15.777778481072
-0.000025000000	-0.200000000000	12.234492923795
-0.000025000000	-0.175000000000	9.190330893823
-0.000025000000	-0.150000000000	6.621723804689
-0.000025000000	-0.125000000000	4.507131528644
-0.000025000000	-0.100000000000	2.826816039860
-0.000025000000	-0.075000000000	1.562645783918
-0.000025000000	-0.050000000000	0.697925899493
-0.000025000000	-0.025000000000	0.217250297160
-0.000025000000	0.000000000000	0.106372302625
-0.000025000000	0.025000000000	0.352091136328
-0.000025000000	0.050000000000	0.942151958007
-0.000025000000	0.075000000000	1.865157576088
-0.000025000000	0.100000000000	3.110490225279
-0.000025000000	0.125000000000	4.668242065076
-0.000025000000	0.150000000000	6.529153257647
-0.000025000000	0.175000000000	8.684556654243
-0.000025000000	0.200000000000	11.126328261313
-0.000025000000	0.225000000000	13.846842776340
-0.000025000000	0.250000000000	16.838933583137
-0.000025000000	0.275000000000	20.095856680356
-0.000025000000	0.300000000000	23.611258088048
-0.000025000000	0.325000000000	27.379144337400
-0.000025000000	0.350000000000	31.393855700103
-0.000025000000	0.375000000000	35.650041857680
-0.000025000000	0.400000000000	40.142639748652
-0.000025000000	0.425000000000	44.866853363687
-0.000025000000	0.450000000000	49.818135286727
-0.000025000000	0.475000000000	54.992169804077
-0.000025000000	0.500000000000	60.384857424296
-0.000020000000	-0.500000000000	98.459475726130
-0.000020000000	-0.475000000000	86.811877475420
-0.000020000000	-0.450000000000	76.188283010727
-0.000020000000	-0.425000000000	66.507539224075
-0.000020000000	-0.400000000000	57.698739307213
-0.000020000000	-0.375000000000	49.699566800570
-0.000020000000	-0.350000000000	42.454961305796
-0.000020000000	-0.325000000000	35.916033662199
-0.000020000000	-0.300000000000	30.039176618029
-0.000020000000	-0.275000000000	24.785330179009
-0.000020000000	-0.250000000000	20.119370427595
-0.000020000000	-0.225000000000	16.009597714653
-0.000020000000	-0.200000000000	12.427305440980
-0.000020000000	-0.175000000000	9.346414662331
-0.000020000000	-0.150000000000	6.743162815324
-0.000020000000	-0.125000000000	4.595837219574
-0.000020000000	-0.100000000000	2.884545841499
-0.000020000000	-0.075000000000	1.591019236789
-0.000020000000	-0.050000000000	0.698438716634
-0.000020000000	-0.025000000000	0.191286677893
-0.000020000000	0.000000000000	0.055215752355
-0.000020000000	0.025000000000	0.276934004793
-0.000020000000	0.050000000000	0.844103873962
-0.000020000000	0.075000000000	1.745252928209
-0.000020000000	0.100000000000	2.969694815886
-0.000020000000	0.125000000000	4.507459044075
-0.000020000000	0.150000000000	6.349228428178
-0.000020000000	0.175000000000	8.486283228213
-0.000020000000	0.200000000000	10.910451131896
-0.000020000000	0.225000000000	13.614062365154
-0.000020000000	0.250000000000	16.589909311924
-0.000020000000	0.275000000000	19.831210110312
-0.000020000000	0.300000000000	23.331575764270
-0.000020000000	0.325000000000	27.084980371086
-0.000020000000	0.350000000000	31.085734116992
-0.000020000000	0.375000000000	35.328458737689
-0.000020000000	0.400000000000	39.808065178586
-0.000020000000	0.425000000000	44.519733222302
-0.000020000000	0.450000000000	49.458892879119
-0.000020000000	0.475000000000	54.621207360410
-0.000020000000	0.500000000000	60.002557476159
-0.000015000000	-0.500000000000	99.188982838568
-0.000015000000	-0.475000000000	87.470328287194
-0.000015000000	-0.450000000000	76.781882456602
-0.000015000000	-0.425000000000	67.041713128310
-0.000015000000	-0.400000000000	58.178259629366
-0.000015000000	-0.375000000000	50.128652677654
-0.000015000000	-0.350000000000	42.837361296511
-0.000015000000	-0.325000000000	36.255093240536
-0.000015000000	-0.300000000000	30.337893981846
-0.000015000000	-0.275000000000	25.046402720576
-0.000015000000	-0.250000000000	20.345233680797
-0.000015000000	-0.225000000000	16.202458194947
-0.000015000000	-0.200000000000	12.589168492597
-0.000015000000	-0.175000000000	9.479108196915
-0.000015000000	-0.150000000000	6.848357648708
-0.000015000000	-0.125000000000	4.675064575503
-0.000015000000	-0.100000000000	2.939212483142
-0.000015000000	-0.075000000000	1.622420601722
-0.000015000000	-0.050000000000	0.707770363331
-0.000015000000	-0.025000000000	0.179654297700
-0.000015000000	0.000000000000	0.023643957444
-0.000015000000	0.025000000000	0.226374067401
-0.000015000000	0.050000000000	0.775440563609
-0.000015000000	0.075000000000	1.659310570208
-0.000015000000	0.100000000000	2.867242675204
-0.000015000000	0.125000000000	4.389216122742
-0.000015000000	0.150000000000	6.215867751280
-0.000015000000	0.175000000000	8.338435682537
-0.000015000000	0.200000000000	10.748708912099
-0.000015000000	0.225000000000	13.438982074672
-0.000015000000	0.250000000000	16.402014759299
-0.000015000000	0.275000000000	19.630994836160
-0.000015000000	0.300000000000	23.119505329442
-0.000015000000	0.325000000000	26.861494432589
-0.000015000000	0.350000000000	30.851248314884
-0.000015000000	0.375000000000	35.083366413220
-0.000015000000	0.400000000000	39.552738941386
-0.000015000000	0.425000000000	44.254526382259
-0.000015000000	0.450000000000	49.184140756722
-0.000015000000	0.475000000000	54.337228487737
-0.000015000000	0.500000000000	59.709654699280
-0.000010000000	-0.500000000000	99.726524213924
-0.000010000000	-0.475000000000	87.955833428588
-0.000010000000	-0.450000000000	77.219945248788
-0.000010000000	-0.425000000000	67.436344708551
-0.000010000000	-0.400000000000	58.532982970256
-0.000010000000	-0.375000000000	50.446578726041
-0.000010000000	-0.350000000000	43.121250823086
-0.000010000000	-0.325000000000	36.507407502205
-0.000010000000	-0.300000000000	30.560836540637
-0.000010000000	-0.275000000000	25.241954209254
-0.000010000000	-0.250000000000	20.515180896305
-0.000010000000	-0.225000000000	16.348418595236
-0.000010000000	-0.200000000000	12.712610941726
-0.000010000000	-0.175000000000	9.581370627491
-0.000010000000	-0.150000000000	6.930662175542
-0.000010000000	-0.125000000000	4.738530489502
-0.000010000000	-0.100000000000	2.984867472495
-0.000010000000	-0.075000000000	1.651210482916
-0.000010000000	-0.050000000000	0.720567553331
-0.000010000000	-0.025000000000	0.177265217803
-0.000010000000	0.000000000000	0.006815526495
-0.000010000000	0.025000000000	0.195799415557
-0.000010000000	0.050000000000	0.731764076307
-0.000010000000	0.075000000000	1.603132354396
-0.000010000000	0.100000000000	2.799122525485
-0.000010000000	0.125000000000	4.309677053141
-0.000010000000	0.150000000000	6.125399148513
-0.000010000000	0.175000000000	8.237496128430
-0.000010000000	0.200000000000	10.637728715969
-0.000010000000	0.225000000000	13.318365550707
-0.000010000000	0.250000000000	16.272142279151
-0.000010000000	0.275000000000	19.492224682861
-0.000010000000	0.300000000000	22.972175375272
-0.000010000000	0.325000000000	26.705923660601
-0.000010000000	0.350000000000	30.687738201234
-0.000010000000	0.375000000000	34.912202185316
-0.000010000000	0.400000000000	39.374190725006
-0.000010000000	0.425000000000	44.068850249191
-0.000010000000	0.450000000000	48.991579683100
-0.000010000000	0.475000000000	54.138013232065
-0.000010000000	0.500000000000	59.504004608074
-0.000005000000	-0.500000000000	100.057824197733
-0.000005000000	-0.475000000000	88.255338498121
-0.000005000000	-0.450000000000	77.490483617380
-0.000005000000	-0.425000000000	67.680383256490
-0.000005000000	-0.400000000000	58.752686287616
-0.000005000000	-0.375000000000	50.643856568198
-0.000005000000	-0.350000000000	43.297796604903
-0.000005000000	-0.325000000000	36.664729787780
-0.000005000000	-0.300000000000	30.700285004457
-0.000005000000	-0.275000000000	25.364741194067
-0.000005000000	-0.250000000000	20.622399434581
-0.000005000000	-0.225000000000	16.441057568274
-0.000005000000	-0.200000000000	12.791567905191
-0.000005000000	-0.175000000000	9.647462721606
-0.000005000000	-0.150000000000	6.984635453225
-0.000005000000	-0.125000000000	4.781067929997
-0.000005000000	-0.100000000000	3.016595896701
-0.000005000000	-0.075000000000	1.672706546222
-0.000005000000	-0.050000000000	0.732362959811
-0.000005000000	-0.025000000000	0.179851274089
-0.000005000000	0.000000000000	0.000647133205
-0.000005000000	0.025000000000	0.181298577630
-0.000005000000	0.050000000000	0.709323000194
-0.000005000000	0.075000000000	1.573116189120
-0.000005000000	0.100000000000	2.761871795591
-0.000005000000	0.125000000000	4.265509824208
-0.000005000000	0.150000000000	6.074612959722
-0.000005000000	0.175000000000	8.180369721641
-0.000005000000	0.200000000000	10.574523586488
-0.000005000000	0.225000000000	13.249327341349
-0.000005000000	0.250000000000	16.197502036247
-0.000005000000	0.275000000000	19.412199990277
-0.000005000000	0.300000000000	22.886971380400
-0.000005000000	0.325000000000	26.615734004433
-0.000005000000	0.350000000000	30.592745863087
-0.000005000000	0.375000000000	34.812580251431
-0.000005000000	0.400000000000	39.270103089117
-0.000005000000	0.425000000000	43.960452252153
-0.000005000000	0.450000000000	48.879018697843
-0.000005000000	0.475000000000	54.021429199370
-0.000005000000	0.500000000000	59.383530528068
0.000000000000	-0.500000000000	100.171313311207
0.000000000000	-0.475000000000	88.358053645203
0.000000000000	-0.450000000000	77.583386865213
0.000000000000	-0.425000000000	67.764313308000
0.000000000000	-0.400000000000	58.828378709743
0.000000000000	-0.375000000000	50.711960037131
0.000000000000	-0.350000000000	43.358886073809
0.000000000000	-0.325000000000	36.719317251129
0.000000000000	-0.300000000000	30.748828366831
0.000000000000	-0.275000000000	25.407651630387
0.000000000000	-0.250000000000	20.660047539554
0.000000000000	-0.225000000000	16.473778526478
0.000000000000	-0.200000000000	12.819665863188
0.000000000000	-0.175000000000	9.671214505452
0.000000000000	-0.150000000000	7.004293745583
0.000000000000	-0.125000000000	4.796863998446
0.000000000000	-0.100000000000	3.028741947235
0.000000000000	-0.075000000000	1.681397762085
0.000000000000	-0.050000000000	0.737779274823
0.000000000000	-0.025000000000	0.182158920918
0.000000000000	0.000000000000	0.000000000000
0.000000000000	0.025000000000	0.177839400800
0.000000000000	0.050000000000	0.703184416516
0.000000000000	0.075000000000	1.564421666627
0.000000000000	0.100000000000	2.750736459629
0.000000000000	0.125000000000	4.252041192502
0.000000000000	0.150000000000	6.058911598239
0.000000000000	0.175000000000	8.162529831258
0.000000000000	0.200000000000	10.554633529047
0.000000000000	0.225000000000	13.227470112480
0.000000000000	0.250000000000	16.173755691264
0.000000000000	0.275000000000	19.386638028652
0.000000000000	0.300000000000	22.859663093550
0.000000000000	0.325000000000	26.586744790938
0.000000000000	0.350000000000	30.562137514933
0.000000000000	0.375000000000	34.780411214424
0.000000000000	0.400000000000	39.236428700203
0.000000000000	0.425000000000	43.925324956071
0.000000000000	0.450000000000	48.842488245223
0.000000000000	0.475000000000	53.983542828159
0.000000000000	0.500000000000	59.344333129937
0.000005000000	-0.500000000000	100.060529576036
0.000005000000	-0.475000000000	88.257787253479
0.000005000000	-0.450000000000	77.492698574311
0.000005000000	-0.425000000000	67.682384324001
0.000005000000	-0.400000000000	58.754490935486
0.000005000000	-0.375000000000	50.645480209826
0.000005000000	-0.350000000000	43.299252907869
0.000005000000	-0.325000000000	36.666030927916
0.000005000000	-0.300000000000	30.701441875320
0.000005000000	-0.275000000000	25.365763580891
0.000005000000	-0.250000000000	20.623296159693
0.000005000000	-0.225000000000	16.441836613425
0.000005000000	-0.200000000000	12.792236515056
0.000005000000	-0.175000000000	9.648027491828
0.000005000000	-0.150000000000	6.985102405694
0.000005000000	-0.125000000000	4.781442577524
0.000005000000	-0.100000000000	3.016883298828
0.000005000000	-0.075000000000	1.672911357589
0.000005000000	-0.050000000000	0.732489472234
0.000005000000	-0.025000000000	0.179903453320
0.000005000000	0.000000000000	0.000628651142
0.000005000000	0.025000000000	0.181212840652
0.000005000000	0.050000000000	0.709173174158
0.000005000000	0.075000000000	1.572905221482
0.000005000000	0.100000000000	2.761602435048
0.000005000000	0.125000000000	4.265184638172
0.000005000000	0.150000000000	6.074234349922
0.000005000000	0.175000000000	8.179939938077
0.000005000000	0.200000000000	10.574044739949
0.000005000000	0.225000000000	13.248801414665
0.000005000000	0.250000000000	16.196930894428
0.000005000000	0.275000000000	19.411585389663
0.000005000000	0.300000000000	22.886314976947
0.000005000000	0.325000000000	26.615037361218
0.000005000000	0.350000000000	30.592010457125
0.000005000000	0.375000000000	34.811807479882
0.000005000000	0.400000000000	39.269294274938
0.000005000000	0.425000000000	43.959608649264
0.000005000000	0.450000000000	48.878141495845
0.000005000000	0.475000000000	54.020519527874
0.000005000000	0.500000000000	59.382589460658
0.000010000000	-0.500000000000	99.731824508618
0.000010000000	-0.475000000000	87.960627332593
0.000010000000	-0.450000000000	77.224277521764
0.000010000000	-0.425000000000	67.440254426594
0.000010000000	-0.400000000000	58.536504449127
0.000010000000	-0.375000000000	50.449742264249
0.000010000000	-0.350000000000	43.124083305412
0.000010000000	-0.325000000000	36.509932893990
0.000010000000	-0.300000000000	30.563076295735
0.000010000000	-0.275000000000	25.243927609120
0.000010000000	-0.250000000000	20.516905333730
0.000010000000	-0.225000000000	16.349909813223
0.000010000000	-0.200000000000	12.713883235750
0.000010000000	-0.175000000000	9.582437017691
0.000010000000	-0.150000000000	6.931534554044
0.000010000000	-0.125000000000	4.739219747066
0.000010000000	-0.100000000000	2.985383607876
0.000010000000	-0.075000000000	1.651562697687
0.000010000000	-0.050000000000	0.720764334437
0.000010000000	-0.025000000000	0.177314409694
0.000010000000	0.000000000000	0.006724394386
0.000010000000	0.025000000000	0.195574701082
0.000010000000	0.050000000000	0.731412046654
0.000010000000	0.075000000000	1.602658845808
0.000010000000	0.100000000000	2.798532981879
0.000010000000	0.125000000000	4.308976560508
0.000010000000	0.150000000000	6.124592465620
0.000010000000	0.175000000000	8.236587714302
0.000010000000	0.200000000000	10.636722754547
0.000010000000	0.225000000000	13.317265973016
0.000010000000	0.250000000000	16.270952783285
0.000010000000	0.275000000000	19.490948752026
0.000010000000	0.300000000000	22.970816294126
0.000010000000	0.325000000000	26.704484530055
0.000010000000	0.350000000000	30.686221951911
0.000010000000	0.375000000000	34.910611589794
0.000010000000	0.400000000000	39.372528408983
0.000010000000	0.425000000000	44.067118701677
0.000010000000	0.450000000000	48.989781265747
0.000010000000	0.475000000000	54.136150187708
0.000010000000	0.500000000000	59.502079068569
0.000015000000	-0.500000000000	99.196721607550
0.000015000000	-0.475000000000	87.477324033219
0.000015000000	-0.450000000000	76.788200191775
0.000015000000	-0.425000000000	67.047409688764
0.000015000000	-0.400000000000	58.183384991218
0.000015000000	-0.375000000000	50.133251018412
0.000015000000	-0.350000000000	42.841471858826
0.000015000000	-0.325000000000	36.258751040884
0.000015000000	-0.300000000000	30.341130396393
0.000015000000	-0.275000000000	25.049245972913
0.000015000000	-0.250000000000	20.347709250635
0.000015000000	-0.225000000000	16.204589162654
0.000015000000	-0.200000000000	12.590975831303
0.000015000000	-0.175000000000	9.480611021473
0.000015000000	-0.150000000000	6.849573428942
0.000015000000	-0.125000000000	4.676009319715
0.000015000000	-0.100000000000	2.939900896728
0.000015000000	-0.075000000000	1.622866224834
0.000015000000	-0.050000000000	0.707985690825
0.000015000000	-0.025000000000	0.179650884039
0.000015000000	0.000000000000	0.023432508758
0.000015000000	0.025000000000	0.225964522558
0.000015000000	0.050000000000	0.774842165818
0.000015000000	0.075000000000	1.658531930467
0.000015000000	0.100000000000	2.866291828671
0.000015000000	0.125000000000	4.388100578960
0.000015000000	0.150000000000	6.214594539049
0.000015000000	0.175000000000	8.337011390085
0.000015000000	0.200000000000	10.747139723157
0.000015000000	0.225000000000	13.437273800921
0.000015000000	0.250000000000	16.400172869630
0.000015000000	0.275000000000	19.629024483116
0.000015000000	0.300000000000	23.117411373152
0.000015000000	0.325000000000	26.859281462489
0.000015000000	0.350000000000	30.848920669450
0.000015000000	0.375000000000	35.080928197938
0.000015000000	0.400000000000	39.550194045145
0.000015000000	0.425000000000	44.251878492322
0.000015000000	0.450000000000	49.181393372428
0.000015000000	0.475000000000	54.334384933060
0.000015000000	0.500000000000	59.706718134351
0.000020000000	-0.500000000000	98.469442462401
0.000020000000	-0.475000000000	86.820882942836
0.000020000000	-0.450000000000	76.196410166477
0.000020000000	-0.425000000000	66.514860727619
0.000020000000	-0.400000000000	57.705319157394
0.000020000000	-0.375000000000	49.705461659757
0.000020000000	-0.350000000000	42.460221580221
0.000020000000	-0.325000000000	35.920704390456
0.000020000000	-0.300000000000	30.043298207221
0.000020000000	-0.275000000000	24.788939018853
0.000020000000	-0.250000000000	20.122499405993
0.000020000000	-0.225000000000	16.012276653118
0.000020000000	-0.200000000000	12.429561464407
0.000020000000	-0.175000000000	9.348272514655
0.000020000000	-0.150000000000	6.744645130303
0.000020000000	-0.125000000000	4.596964754130
0.000020000000	-0.100000000000	2.885337677670
0.000020000000	-0.075000000000	1.591492957232
0.000020000000	-0.050000000000	0.698610557716
0.000020000000	-0.025000000000	0.191171663732
0.000020000000	0.000000000000	0.054827812584
0.000020000000	0.025000000000	0.276286078360
0.000020000000	0.050000000000	0.843208000905
0.000020000000	0.075000000000	1.744120331048
0.000020000000	0.100000000000	2.968335972006
0.000020000000	0.125000000000	4.505883750264
0.000020000000	0.150000000000	6.347445858334
0.000020000000	0.175000000000	8.484301985057
0.000020000000	0.200000000000	10.908279293429
0.000020000000	0.225000000000	13.611707526481
0.000020000000	0.250000000000	16.587378622994
0.000020000000	0.275000000000	19.828510310044
0.000020000000	0.300000000000	23.328713211468
0.000020000000	0.325000000000	27.081961072498
0.000020000000	0.350000000000	31.082563752833
0.000020000000	0.375000000000	35.325142684886
0.000020000000	0.400000000000	39.804608531995
0.000020000000	0.425000000000	44.516140814099
0.000020000000	0.450000000000	49.455169296554
0.000020000000	0.475000000000	54.617356962084
0.000020000000	0.500000000000	59.998584406976
0.000025000000	-0.500000000000	97.568067187741
0.000025000000	-0.475000000000	86.007822047575
0.000025000000	-0.450000000000	75.464056159442
0.000025000000	-0.425000000000	65.856549331614
0.000025000000	-0.400000000000	57.115179455868
0.000025000000	-0.375000000000	49.178294886707
0.000025000000	-0.350000000000	41.991402221275
0.000025000000	-0.325000000000	35.506098839075
0.000025000000	-0.300000000000	29.679197362826
0.000025000000	-0.275000000000	24.472002052972
0.000025000000	-0.250000000000	19.849706546017
0.000025000000	-0.225000000000	15.780889301544
0.000025000000	-0.200000000000	12.237088326641
0.000025000000	-0.175000000000	9.192440680374
0.000025000000	-0.150000000000	6.623375263450
0.000025000000	-0.125000000000	4.508349710153
0.000025000000	-0.100000000000	2.827623994961
0.000025000000	-0.075000000000	1.563064771138
0.000025000000	-0.050000000000	0.697975566205
0.000025000000	-0.025000000000	0.216948838421
0.000025000000	0.000000000000	0.105736600902
0.000025000000	0.025000000000	0.351136884817
0.000025000000	0.050000000000	0.940893769792
0.000025000000	0.075000000000	1.863609081061
0.000025000000	0.100000000000	3.108664156423
0.000025000000	0.125000000000	4.666150335480
0.000025000000	0.150000000000	6.526807029438
0.000025000000	0.175000000000	8.681966400411
0.000025000000	0.200000000000	11.123503821303
0.000025000000	0.225000000000	13.843793406156
0.000025000000	0.250000000000	16.835668000577
0.000025000000	0.275000000000	20.092383105954
0.000025000000	0.300000000000	23.607584282193
0.000025000000	0.325000000000	27.375277634051
0.000025000000	0.350000000000	31.389803037476
0.000025000000	0.375000000000	35.645809806221
0.000025000000	0.400000000000	40.138234536580
0.000025000000	0.425000000000	44.862280900360
0.000025000000	0.450000000000	49.813401184043
0.000025000000	0.475000000000	54.987279396113
0.000025000000	0.500000000000	60.379815785350
0.000030000000	-0.500000000000	96.514138800787
0.000030000000	-0.475000000000	85.057885583702
0.000030000000	-0.450000000000	74.609298563540
0.000030000000	-0.425000000000	65.089234028309
0.000030000000	-0.400000000000	56.428477655451
0.000030000000	-0.375000000000	48.566148730478
0.000030000000	-0.350000000000	41.448412809299
0.000030000000	-0.325000000000	35.027433896314
0.000030000000	-0.300000000000	29.260514546518
0.000030000000	-0.275000000000	24.109384822973
0.000030000000	-0.250000000000	19.539610204801
0.000030000000	-0.225000000000	15.520095326510
0.000030000000	-0.200000000000	12.022665509958
0.000030000000	-0.175000000000	9.021711892997
0.000030000000	-0.150000000000	6.493888893317
0.000030000000	-0.125000000000	4.417855006805
0.000030000000	-0.100000000000	2.774049696100
0.000030000000	-0.075000000000	1.544500500167
0.000030000000	-0.050000000000	0.712655580301
0.000030000000	-0.025000000000	0.263237779329
0.000030000000	0.000000000000	0.182116959260
0.000030000000	0.025000000000	0.456197936425
0.000030000000	0.050000000000	1.073321781088
0.000030000000	0.075000000000	2.022178612910
0.000030000000	0.100000000000	3.292230321613
0.000030000000	0.125000000000	4.873641887053
0.000030000000	0.150000000000	6.757220175066
0.000030000000	0.175000000000	8.934359253157
0.000030000000	0.200000000000	11.396991409742
0.000030000000	0.225000000000	14.137543177512
0.000030000000	0.250000000000	17.148895759538
0.000030000000	0.275000000000	20.424349339455
0.000030000000	0.300000000000	23.957590826954
0.000030000000	0.325000000000	27.742664649206
0.000030000000	0.350000000000	31.773946249362
0.000030000000	0.375000000000	36.046117996481
0.000030000000	0.400000000000	40.554147248235
0.000030000000	0.425000000000	45.293266339530
0.000030000000	0.450000000000	50.258954297626
0.000030000000	0.475000000000	55.446920108007
0.000030000000	0.500000000000	60.853087375767
0.000035000000	-0.500000000000	95.331770776089
0.000035000000	-0.475000000000	83.993259729635
0.000035000000	-0.450000000000	73.652617640715
0.000035000000	-0.425000000000	64.231877862284
0.000035000000	-0.400000000000	55.662821419908
0.000035000000	-0.375000000000	47.885415065718
0.000035000000	-0.350000000000	40.846550473370
0.000035000000	-0.325000000000	34.499017424187
0.000035000000	-0.300000000000	28.800660691893
0.000035000000	-0.275000000000	23.713682518180
0.000035000000	-0.250000000000	19.204061492857
0.000035000000	-0.225000000000	15.241065262567
0.000035000000	-0.200000000000	11.796839443785
0.000035000000	-0.175000000000	8.846058863321
0.000035000000	-0.150000000000	6.365630112614
0.000035000000	-0.125000000000	4.334436609138
0.000035000000	-0.100000000000	2.733119073489
0.000035000000	-0.075000000000	1.543885674443
0.000035000000	-0.050000000000	0.750347154421
0.000035000000	-0.025000000000	0.337373090172
0.000035000000	0.000000000000	0.290966117075
0.000035000000	0.025000000000	0.598151487431
0.000035000000	0.050000000000	1.246879771731
0.000035000000	0.075000000000	2.225940868778
0.000035000000	0.100000000000	3.524887782517
0.000035000000	0.125000000000	5.133968863394
0.000035000000	0.150000000000	7.044067410320
0.000035000000	0.175000000000	9.246647693756
0.000035000000	0.200000000000	11.733706597472
0.000035000000	0.225000000000	14.497730191202
0.000035000000	0.250000000000	17.531654642675
0.000035000000	0.275000000000	20.828830958728
0.000035000000	0.300000000000	24.382993113877
0.000035000000	0.325000000000	28.188229183031
0.000035000000	0.350000000000	32.238955144755
0.000035000000	0.375000000000	36.529891063887
0.000035000000	0.400000000000	41.056039398737
0.000035000000	0.425000000000	45.812665209373
0.000035000000	0.450000000000	50.795278070443
0.000035000000	0.475000000000	55.999615515315
0.000035000000	0.500000000000	61.421627858504
0.000040000000	-0.500000000000	94.046716542239
0.000040000000	-0.475000000000	82.837738747373
0.000040000000	-0.450000000000	72.616063368386
0.000040000000	-0.425000000000	63.304971088644
0.000040000000	-0.400000000000	54.837300687041
0.000040000000	-0.375000000000	47.153921904214
0.000040000000	-0.350000000000	40.202502028195
0.000040000000	-0.325000000000	33.936500837137
0.000040000000	-0.300000000000	28.314344917102
0.000040000000	-0.275000000000	23.298744219747
0.000040000000	-0.250000000000	18.856122403482
0.000040000000	-0.225000000000	14.956138935299
0.000040000000	-0.200000000000	11.571285752467
0.000040000000	-0.175000000000	8.676544934255
0.000040000000	-0.150000000000	6.249096624617
0.000040000000	-0.125000000000	4.268068598891
0.000040000000	-0.100000000000	2.714320541051
0.000040000000	-0.075000000000	1.570257409450
0.000040000000	-0.050000000000	0.819667304196
0.000040000000	-0.025000000000	0.447580072114
0.000040000000	0.000000000000	0.440143543472
0.000040000000	0.025000000000	0.784514824457
0.000040000000	0.050000000000	1.468764498312
0.000040000000	0.075000000000	2.481791937185
0.000040000000	0.100000000000	3.813250212454
0.000040000000	0.125000000000	5.453479326206
0.000040000000	0.150000000000	7.393446680697
0.000040000000	0.175000000000	9.624693863679
0.000040000000	0.200000000000	12.139288961772
0.000040000000	0.225000000000	14.929783726438
0.000040000000	0.250000000000	17.989175011492
0.000040000000	0.275000000000	21.310869980750
0.000040000000	0.300000000000	24.888654651755
0.000040000000	0.325000000000	28.716665398779
0.000040000000	0.350000000000	32.789363087037
0.000040000000	0.375000000000	37.101509551740
0.000040000000	0.400000000000	41.648146171335
0.000040000000	0.425000000000	46.424574315002
0.000040000000	0.450000000000	51.426337470992
0.000040000000	0.475000000000	56.649204885256
0.000040000000	0.500000000000	62.089156559709
0.000045000000	-0.500000000000	92.685522522345
0.000045000000	-0.475000000000	81.615957249724
0.000045000000	-0.450000000000	71.522557413836
0.000045000000	-0.425000000000	62.329894680896
0.000045000000	-0.400000000000	53.971905670923
0.000045000000	-0.375000000000	46.390399810178
0.000045000000	-0.350000000000	39.533853531668
0.000045000000	-0.325000000000	33.356427218806
0.000045000000	-0.300000000000	27.817157202919
0.000045000000	-0.275000000000	22.879286641648
0.000045000000	-0.250000000000	18.509707545927
0.000045000000	-0.225000000000	14.678492483272
0.000045000000	-0.200000000000	11.358499179050
0.000045000000	-0.175000000000	8.525034793031
0.000045000000	-0.150000000000	6.155569367489
0.000045000000	-0.125000000000	4.229490040775
0.000045000000	-0.100000000000	2.727889252063
0.000045000000	-0.075000000000	1.633381442161
0.000045000000	-0.050000000000	0.929943765463
0.000045000000	-0.025000000000	0.602777131313
0.000045000000	0.000000000000	0.638184535840
0.000045000000	0.025000000000	1.023464162853
0.000045000000	0.050000000000	1.746815151551
0.000045000000	0.075000000000	2.797254270065
0.000045000000	0.100000000000	4.164542013252
0.000045000000	0.125000000000	5.839116872929
0.000045000000	0.150000000000	7.812036718674
0.000045000000	0.175000000000	10.074926385004
0.000045000000	0.200000000000	12.619930692153
0.000045000000	0.225000000000	15.439672237758
0.000045000000	0.250000000000	18.527213389219
0.000045000000	0.275000000000	21.876021984510
0.000045000000	0.300000000000	25.479940315265
0.000045000000	0.325000000000	29.333157022069
0.000045000000	0.350000000000	33.430181579667
0.000045000000	0.375000000000	37.765821090725
0.000045000000	0.400000000000	42.335159141777
0.000045000000	0.425000000000	47.133536505193
0.000045000000	0.450000000000	52.156533496957
0.000045000000	0.475000000000	57.399953822572
0.000045000000	0.500000000000	62.859809762862
0.000050000000	-0.500000000000	91.274806896895
0.000050000000	-0.475000000000	80.352728451456
0.000050000000	-0.450000000000	70.395284829159
0.000050000000	-0.425000000000	61.328360086935
0.000050000000	-0.400000000000	53.087009895396
0.000050000000	-0.375000000000	45.614003963977
0.000050000000	-0.350000000000	38.858647607720
0.000050000000	-0.325000000000	32.775820553769
0.000050000000	-0.300000000000	27.325186554143
0.000050000000	-0.275000000000	22.470538568994
0.000050000000	-0.250000000000	18.179252495127
0.000050000000	-0.225000000000	14.421828506346
0.000050000000	-0.200000000000	11.171503641870
0.000050000000	-0.175000000000	8.403922741804
0.000050000000	-0.150000000000	6.096857477649
0.000050000000	-0.125000000000	4.229965270209
0.000050000000	-0.100000000000	2.784581478162
0.000050000000	-0.075000000000	1.743539488150
0.000050000000	-0.050000000000	1.091014322797
0.000050000000	-0.025000000000	0.812386166922
0.000050000000	0.000000000000	0.894120839749
0.000050000000	0.025000000000	1.323664746323
0.000050000000	0.050000000000	2.089352250775
0.000050000000	0.075000000000	3.180323747585
0.000050000000	0.100000000000	4.586452980043
0.000050000000	0.125000000000	6.298282379804
0.000050000000	0.150000000000	8.306965387149
0.000050000000	0.175000000000	10.604214865835
0.000050000000	0.200000000000	13.182256855025
0.000050000000	0.225000000000	16.033789008491
0.000050000000	0.250000000000	19.151943161845
0.000050000000	0.275000000000	22.530251544925
0.000050000000	0.300000000000	26.162616221161
0.000050000000	0.325000000000	30.043281390697
0.000050000000	0.350000000000	34.166808240925
0.000050000000	0.375000000000	38.528052068104
0.000050000000	0.400000000000	43.122141428168
0.000050000000	0.425000000000	47.944459104330
0.000050000000	0.450000000000	52.990624704625
0.000050000000	0.475000000000	58.256478724593
0.000050000000	0.500000000000	63.738067929426
0.000055000000	-0.500000000000	89.840678102975
0.000055000000	-0.475000000000	79.072502837159
0.000055000000	-0.450000000000	69.257189919680
0.000055000000	-0.425000000000	60.321939441828
0.000055000000	-0.400000000000	52.202932052651
0.000055000000	-0.375000000000	44.843905147697
0.000055000000	-0.350000000000	38.195001227212
0.000055000000	-0.325000000000	32.211828157501
0.000055000000	-0.300000000000	26.854686110566
0.000055000000	-0.275000000000	22.087926849988
0.000055000000	-0.250000000000	17.879419020961
0.000055000000	-0.225000000000	14.200099032777
0.000055000000	-0.200000000000	11.023591572116
0.000055000000	-0.175000000000	8.325887158834
0.000055000000	-0.150000000000	6.085066737336
0.000055000000	-0.125000000000	4.281065289525
0.000055000000	-0.100000000000	2.895468006618
0.000055000000	-0.075000000000	1.911333774027
0.000055000000	-0.050000000000	1.313041685141
0.000055000000	-0.025000000000	1.086157064875
0.000055000000	0.000000000000	1.217314096484
0.000055000000	0.025000000000	1.694112638710
0.000055000000	0.050000000000	2.505027220269
0.000055000000	0.075000000000	3.639326524538
0.000055000000	0.100000000000	5.087001944181
0.000055000000	0.125000000000	6.838704005078
0.000055000000	0.150000000000	8.885685640571
0.000055000000	0.175000000000	11.219751447878
0.000055000000	0.200000000000	13.833212184379
0.000055000000	0.225000000000	16.718843866855
0.000055000000	0.250000000000	19.869850925399
0.000055000000	0.275000000000	23.279832938497
0.000055000000	0.300000000000	26.942754539110
0.000055000000	0.325000000000	30.852918135437
0.000055000000	0.350000000000	35.004939135926
0.000055000000	0.375000000000	39.393723407361
0.000055000000	0.400000000000	44.014446728537
0.000055000000	0.425000000000	48.862536031004
0.000055000000	0.450000000000	53.933652243389
0.000055000000	0.475000000000	59.223674577403
0.000055000000	0.500000000000	64.728686112433
0.000060000000	-0.500000000000	88.408291556221
0.000060000000	-0.475000000000	77.798947947859
0.000060000000	-0.450000000000	68.130578563177
0.000060000000	-0.425000000000	59.331689614731
0.000060000000	-0.400000000000	51.339580810915
0.000060000000	-0.375000000000	44.098954260662
0.000060000000	-0.350000000000	37.560788844101
0.000060000000	-0.325000000000	31.681421346548
0.000060000000	-0.300000000000	26.421790288094
0.000060000000	-0.275000000000	21.746808983153
0.000060000000	-0.250000000000	17.624842143904
0.000060000000	-0.225000000000	14.027266117585
0.000060000000	-0.200000000000	10.928097183321
0.000060000000	-0.175000000000	8.303675621795
0.000060000000	-0.150000000000	6.132395787662
0.000060000000	-0.125000000000	4.394474358042
0.000060000000	-0.100000000000	3.071750443650
0.000060000000	-0.075000000000	2.147512436488
0.000060000000	-0.050000000000	1.606347406572
0.000060000000	-0.025000000000	1.434009607020
0.000060000000	0.000000000000	1.617305245060
0.000060000000	0.025000000000	2.143991158611
0.000060000000	0.050000000000	3.002685428829
0.000060000000	0.075000000000	4.182788277413
0.000060000000	0.100000000000	5.674411858351
0.000060000000	0.125000000000	7.468317768517
0.000060000000	0.150000000000	9.555861279117
0.000060000000	0.175000000000	11.928941437580
0.000060000000	0.200000000000	14.579956312556
0.000060000000	0.225000000000	17.501762757851
0.000060000000	0.250000000000	20.687640157843
0.000060000000	0.275000000000	24.131257690138
0.000060000000	0.300000000000	27.826644703263
0.000060000000	0.325000000000	31.768163859884
0.000060000000	0.350000000000	35.950486741019
0.000060000000	0.375000000000	40.368571645175
0.000060000000	0.400000000000	45.017643349326
0.000060000000	0.425000000000	49.893174627075
0.000060000000	0.450000000000	54.990869343834
0.000060000000	0.475000000000	60.306646970078
0.000060000000	0.500000000000	65.836628372114
0.000065000000	-0.500000000000	87.001533127765
0.000065000000	-0.475000000000	76.554640982697
0.000065000000	-0.450000000000	67.036821134344
0.000065000000	-0.425000000000	58.377866153456
0.000065000000	-0.400000000000	50.516180115378
0.000065000000	-0.375000000000	43.397419054310
0.000065000000	-0.350000000000	36.973390458356
0.000065000000	-0.325000000000	31.201154595564
0.000065000000	-0.300000000000	26.042284708735
0.000065000000	-0.275000000000	21.462253442007
0.000065000000	-0.250000000000	17.429920441098
0.000065000000	-0.225000000000	13.917101697952
0.000065000000	-0.200000000000	10.898205437002
0.000065000000	-0.175000000000	8.349922546065
0.000065000000	-0.150000000000	6.250962009471
0.000065000000	-0.125000000000	4.581823697105
0.000065000000	-0.100000000000	3.324602339789
0.000065000000	-0.075000000000	2.462817680474
0.000065000000	-0.050000000000	1.981266707062
0.000065000000	-0.025000000000	1.865894602103
0.000065000000	0.000000000000	2.103681628959
0.000065000000	0.025000000000	2.682543645081
0.000065000000	0.050000000000	3.591244314901
0.000065000000	0.075000000000	4.819317406088
0.000065000000	0.100000000000	6.356997807976
0.000065000000	0.125000000000	8.195160120961
0.000065000000	0.150000000000	10.325263839365
0.000065000000	0.175000000000	12.739304294673
0.000065000000	0.200000000000	15.429768646437
0.000065000000	0.225000000000	18.389596309159
0.000065000000	0.250000000000	21.612143288288
0.000065000000	0.275000000000	25.091149970217
0.000065000000	0.300000000000	28.820711971833
0.000065000000	0.325000000000	32.795253706873
0.000065000000	0.350000000000	37.009504370319
0.000065000000	0.375000000000	41.458476079794
0.000065000000	0.400000000000	46.137443945249
0.000065000000	0.425000000000	51.041927866041
0.000065000000	0.450000000000	56.167675878589
0.000065000000	0.475000000000	61.510648898517
0.000065000000	0.500000000000	67.067006719300
0.000070000000	-0.500000000000	85.642812542716
0.000070000000	-0.475000000000	75.360860790823
0.000070000000	-0.450000000000	65.996145369524
0.000070000000	-0.425000000000	57.479718699770
0.000070000000	-0.400000000000	49.751068372722
0.000070000000	-0.375000000000	42.756787953770
0.000070000000	-0.350000000000	36.449500674216
0.000070000000	-0.325000000000	30.786980226836
0.000070000000	-0.300000000000	25.731426759593
0.000070000000	-0.275000000000	21.248866222752
0.000070000000	-0.250000000000	17.308648611989
0.000070000000	-0.225000000000	13.883026138459
0.000070000000	-0.200000000000	10.946796478941
0.000070000000	-0.175000000000	8.476999386772
0.000070000000	-0.150000000000	6.452657339611
0.000070000000	-0.125000000000	4.854552750900
0.000070000000	-0.100000000000	3.665035713671
0.000070000000	-0.075000000000	2.867857377324
0.000070000000	-0.050000000000	2.448024953065
0.000070000000	-0.025000000000	2.391675056383
0.000070000000	0.000000000000	2.685962666011
0.000070000000	0.025000000000	3.318963439251
0.000070000000	0.050000000000	4.279587496833
0.000070000000	0.075000000000	5.557503094896
0.000070000000	0.100000000000	7.143068851091
0.000070000000	0.125000000000	9.027273397224
0.000070000000	0.150000000000	11.201681500867
0.000070000000	0.175000000000	13.658385839592
0.000070000000	0.200000000000	16.389963729404
0.000070000000	0.225000000000	19.389438207782
0.000070000000	0.250000000000	22.650242954820
0.000070000000	0.275000000000	26.166190606197
0.000070000000	0.300000000000	29.931444071174
0.000070000000	0.325000000000	33.940490519391
0.000070000000	0.350000000000	38.188117743396
0.000070000000	0.375000000000	42.669392640770
0.000070000000	0.400000000000	47.379641591403
0.000070000000	0.425000000000	52.314432532747
0.000070000000	0.450000000000	57.469558559466
0.000070000000	0.475000000000	62.841022894262
0.000070000000	0.500000000000	68.425025094339
0.000075000000	-0.500000000000	84.352947473418
0.000075000000	-0.475000000000	74.237463224788
0.000075000000	-0.450000000000	65.027505812185
0.000075000000	-0.425000000000	56.655356746461
0.000075000000	-0.400000000000	49.061562256664
0.000075000000	-0.375000000000	42.193633267330
0.000075000000	-0.350000000000	36.004992366688
0.000075000000	-0.325000000000	30.454113346851
0.000075000000	-0.300000000000	25.503812421530
0.000075000000	-0.275000000000	21.120660034925
0.000075000000	-0.250000000000	17.274489379577
0.000075000000	-0.225000000000	13.937983094903
0.000075000000	-0.200000000000	11.086323640555
0.000075000000	-0.175000000000	8.696895891445
0.000075000000	-0.150000000000	6.749032840009
0.000075000000	-0.125000000000	5.223797098659
0.000075000000	-0.100000000000	4.103792303837
0.000075000000	-0.075000000000	3.372999629012
0.000075000000	-0.050000000000	3.016635488705
0.000075000000	-0.025000000000	3.021027212263
0.000075000000	0.000000000000	3.373504024430
0.000075000000	0.025000000000	4.062301119984
0.000075000000	0.050000000000	5.076474984870
0.000075000000	0.075000000000	6.405828413985
0.000075000000	0.100000000000	8.040843919860
0.000075000000	0.125000000000	9.972624427500
0.000075000000	0.150000000000	12.192840317009
0.000075000000	0.175000000000	14.693682013927
0.000075000000	0.200000000000	17.467817442657
0.000075000000	0.225000000000	20.508353755094
0.000075000000	0.250000000000	23.808802828019
0.000075000000	0.275000000000	27.363050091576
0.000075000000	0.300000000000	31.165326309408
0.000075000000	0.325000000000	35.210181980620
0.000075000000	0.350000000000	39.492464076015
0.000075000000	0.375000000000	44.007294857242
0.000075000000	0.400000000000	48.750052558561
0.000075000000	0.425000000000	53.716353737711
0.000075000000	0.450000000000	58.902037125433
0.000075000000	0.475000000000	64.303148823208
0.000075000000	0.500000000000	69.915928716136
0.000080000000	-0.500000000000	83.151119330671
0.000080000000	-0.475000000000	73.202823573679
0.000080000000	-0.450000000000	64.148515883195
0.000080000000	-0.425000000000	55.921673772819
0.000080000000	-0.400000000000	48.463874878999
0.000080000000	-0.375000000000	41.723524992889
0.000080000000	-0.350000000000	35.654827422473
0.000080000000	-0.325000000000	30.216940575902
0.000080000000	-0.300000000000	25.373283841857
0.000080000000	-0.275000000000	21.090961408203
0.000080000000	-0.250000000000	17.340280688505
0.000080000000	-0.225000000000	14.094347250979
0.000080000000	-0.200000000000	11.328722071180
0.000080000000	-0.175000000000	9.021129910677
0.000080000000	-0.150000000000	7.151209908324
0.000080000000	-0.125000000000	5.700301236582
0.000080000000	-0.100000000000	4.651258051739
0.000080000000	-0.075000000000	3.988289047911
0.000080000000	-0.050000000000	3.696817779918
0.000080000000	-0.025000000000	3.763360601394
0.000080000000	0.000000000000	4.175419610557
0.000080000000	0.025000000000	4.921388436537
0.000080000000	0.050000000000	5.990469056453
0.000080000000	0.075000000000	7.372598124805
0.000080000000	0.100000000000	9.058381535653
0.000080000000	0.125000000000	11.039036134877
0.000080000000	0.150000000000	13.306337662683
0.000080000000	0.175000000000	15.852574141986
0.000080000000	0.200000000000	18.670504041351
0.000080000000	0.225000000000	21.753318635972
0.000080000000	0.250000000000	25.094608069947
0.000080000000	0.275000000000	28.688330690491
0.000080000000	0.300000000000	32.528785281820
0.000080000000	0.325000000000	36.610585875066
0.000080000000	0.350000000000	40.928638851998
0.000080000000	0.375000000000	45.478122095839
0.000080000000	0.400000000000	50.254465972933
0.000080000000	0.425000000000	55.253335955247
0.000080000000	0.450000000000	60.470616716350
0.000080000000	0.475000000000	65.902397553141
0.000080000000	0.500000000000	71.544959002613
0.000085000000	-0.500000000000	82.054883291162
0.000085000000	-0.475000000000	72.273830764109
0.000085000000	-0.450000000000	63.375429153231
0.000085000000	-0.425000000000	55.294317993487
0.000085000000	-0.400000000000	47.973078014217
0.000085000000	-0.375000000000	41.360986182763
0.000085000000	-0.350000000000	35.413006632241
0.000085000000	-0.325000000000	30.088965625178
0.000085000000	-0.300000000000	25.352871562372
0.000085000000	-0.275000000000	21.172350378122
0.000085000000	-0.250000000000	17.518173522068
0.000085000000	-0.225000000000	14.363860828758
0.000085000000	-0.200000000000	11.685344410802
0.000085000000	-0.175000000000	9.460682623400
0.000085000000	-0.150000000000	7.669815380101
0.000085000000	-0.125000000000	6.294353825612
0.000085000000	-0.100000000000	5.317398717027
0.000085000000	-0.075000000000	4.723382921943
0.000085000000	-0.050000000000	4.497934278425
0.000085000000	-0.025000000000	4.627755728203
0.000085000000	0.000000000000	5.100520168845
0.000085000000	0.025000000000	5.904777901715
0.000085000000	0.050000000000	7.029874902234
0.000085000000	0.075000000000	8.465880424291
0.000085000000	0.100000000000	10.203522684538
0.000085000000	0.125000000000	12.234131565073
0.000085000000	0.150000000000	14.549587432590
0.000085000000	0.175000000000	17.142275304731
0.000085000000	0.200000000000	20.005043705197
0.000085000000	0.225000000000	23.131167642045
0.000085000000	0.250000000000	26.514315221808
0.000085000000	0.275000000000	30.148517478115
0.000085000000	0.300000000000	34.028141049472
0.000085000000	0.325000000000	38.147863388543
0.000085000000	0.350000000000	42.502650225869
0.000085000000	0.375000000000	47.087735045833
0.000085000000	0.400000000000	51.898600362502
0.000085000000	0.425000000000	56.930960608778
0.000085000000	0.450000000000	62.180746474469
0.000085000000	0.475000000000	67.644090548181
0.000085000000	0.500000000000	73.317314134596
0.000090000000	-0.500000000000	81.080217457117
0.000090000000	-0.475000000000	71.465919813946
0.000090000000	-0.450000000000	62.723157736201
0.000090000000	-0.425000000000	54.787698928753
0.000090000000	-0.400000000000	47.603098741487
0.000090000000	-0.375000000000	41.119481264670
0.000090000000	-0.350000000000	35.292551055972
0.000090000000	-0.325000000000	30.082784867775
0.000090000000	-0.300000000000	25.454765284927
0.000090000000	-0.275000000000	21.376627289122
0.000090000000	-0.250000000000	17.819595461799
0.000090000000	-0.225000000000	14.757594518628
0.000090000000	-0.200000000000	12.166919614533
0.000090000000	-0.175000000000	10.025955703645
0.000090000000	-0.150000000000	8.314937420241
0.000090000000	-0.125000000000	7.015742634183
0.000090000000	-0.100000000000	6.111714150259
0.000090000000	-0.075000000000	5.587505054874
0.000090000000	-0.050000000000	5.428944031938
0.000090000000	-0.025000000000	5.622917622009
0.000090000000	0.000000000000	6.157266921778
0.000090000000	0.025000000000	7.020696642996
0.000090000000	0.050000000000	8.202694792413
0.000090000000	0.075000000000	9.693461513698
0.000090000000	0.100000000000	11.483845861466
0.000090000000	0.125000000000	13.565289466363
0.000090000000	0.150000000000	15.929776206531
0.000090000000	0.175000000000	18.569787130798
0.000090000000	0.200000000000	21.478259987544
0.000090000000	0.225000000000	24.648552804262
0.000090000000	0.250000000000	28.074411039476
0.000090000000	0.275000000000	31.749937893473
0.000090000000	0.300000000000	35.669567419214
0.000090000000	0.325000000000	39.828040121500
0.000090000000	0.350000000000	44.220380772382
0.000090000000	0.375000000000	48.841878204926
0.000090000000	0.400000000000	53.688066876783
0.000090000000	0.425000000000	58.754710020279
0.000090000000	0.450000000000	64.037784217540
0.000090000000	0.475000000000	69.533465258076
0.000090000000	0.500000000000	75.238115152656
0.000095000000	-0.500000000000	80.241598738795
0.000095000000	-0.475000000000	70.793131228468
0.000095000000	-0.450000000000	62.205317516182
0.000095000000	-0.425000000000	54.415020453490
0.000095000000	-0.400000000000	47.366742028930
0.000095000000	-0.375000000000	41.011429637472
0.000095000000	-0.350000000000	35.305507903540
0.000095000000	-0.325000000000	30.210086603975
0.000095000000	-0.300000000000	25.690307472517
0.000095000000	-0.275000000000	21.714801554818
0.000095000000	-0.250000000000	18.255235320491
0.000095000000	-0.225000000000	15.285928604029
0.000095000000	-0.200000000000	12.783531106408
0.000095000000	-0.175000000000	10.726746970262
0.000095000000	-0.150000000000	9.096099074501
0.000095000000	-0.125000000000	7.873726344475
0.000095000000	-0.100000000000	7.043208661037
0.000095000000	-0.075000000000	6.589414963581
0.000095000000	-0.050000000000	6.498370943150
0.000095000000	-0.025000000000	6.757143360124
0.000095000000	0.000000000000	7.353738533108
0.000095000000	0.025000000000	8.277012958957
0.000095000000	0.050000000000	9.516594359306
0.000095000000	0.075000000000	11.062811722685
0.000095000000	0.100000000000	12.906633135883
0.000095000000	0.125000000000	15.039610383237
0.000095000000	0.150000000000	17.453829445828
0.000095000000	0.175000000000	20.141866160021
0.000095000000	0.200000000000	23.096746401270
0.000095000000	0.225000000000	26.311910248420
0.000095000000	0.250000000000	29.781179658916
0.000095000000	0.275000000000	33.498729248867
0.000095000000	0.300000000000	37.459059825807
0.000095000000	0.325000000000	41.656974367794
0.000095000000	0.350000000000	46.087556181695
0.000095000000	0.375000000000	50.746149006950
0.000095000000	0.400000000000	55.628338859943
0.000095000000	0.425000000000	60.729937438874
0.000095000000	0.450000000000	66.046966930468
0.000095000000	0.475000000000	71.575646078387
0.000095000000	0.500000000000	77.312377389337
0.000100000000	-0.500000000000	79.552095478181
0.000100000000	-0.475000000000	70.268188068786
0.000100000000	-0.450000000000	61.834291626250
0.000100000000	-0.425000000000	54.188332400424
0.000100000000	-0.400000000000	47.275731957076
0.000100000000	-0.375000000000	41.048237821240
0.000100000000	-0.350000000000	35.462974753567
0.000100000000	-0.325000000000	30.481668348439
0.000100000000	-0.300000000000	26.070004580442
0.000100000000	-0.275000000000	22.197097600997
0.000100000000	-0.250000000000	18.835044471010
0.000100000000	-0.225000000000	15.958550268254
0.000100000000	-0.200000000000	13.544610584934
0.000100000000	-0.175000000000	11.572241149539
0.000100000000	-0.150000000000	10.022246392886
0.000100000000	-0.125000000000	8.877020392452
0.000100000000	-0.100000000000	8.120374888554
0.000100000000	-0.075000000000	7.737390056123
0.000100000000	-0.050000000000	7.714284499922
0.000100000000	-0.025000000000	8.038301566194
0.000100000000	0.000000000000	8.697609565262
0.000100000000	0.025000000000	9.681213904455
0.000100000000	0.050000000000	10.978879459420
0.000100000000	0.075000000000	12.581061780084
0.000100000000	0.100000000000	14.478845947641
0.000100000000	0.125000000000	16.663892080347
0.000100000000	0.150000000000	19.128386636170
0.000100000000	0.175000000000	21.864998785377
0.000100000000	0.200000000000	24.866841230530
0.000100000000	0.225000000000	28.127434939021
0.000100000000	0.250000000000	31.640677326977
0.000100000000	0.275000000000	35.400813495767
0.000100000000	0.300000000000	39.402410175167
0.000100000000	0.325000000000	43.640332072262
0.000100000000	0.350000000000	48.109720363575
0.000100000000	0.375000000000	52.805973100813
0.000100000000	0.400000000000	57.724727328869
0.000100000000	0.425000000000	62.861842739103
0.000100000000	0.450000000000	68.213386701913
0.000100000000	0.475000000000	73.775620540869
0.000100000000	0.500000000000	79.544986926472
