-0.000100000000	-0.500000000000	238305.050959924352
-0.000100000000	-0.450000000000	182399.536420981749
-0.000100000000	-0.400000000000	136733.333326602151
-0.000100000000	-0.350000000000	99665.448477778016
-0.000100000000	-0.300000000000	69920.291033866801
-0.000100000000	-0.250000000000	46486.642237817927
-0.000100000000	-0.200000000000	28549.296267791251
-0.000100000000	-0.150000000000	15441.460551227477
-0.000100000000	-0.100000000000	6610.781646088010
-0.000100000000	-0.050000000000	1594.568628929925
-0.000100000000	0.000000000000	1.378892453090
-0.000100000000	0.050000000000	1497.101186009657
-0.000100000000	0.100000000000	5794.279037166218
-0.000100000000	0.150000000000	12643.809321254264
-0.000100000000	0.200000000000	21828.408836689738
-0.000100000000	0.250000000000	33157.415434998868
-0.000100000000	0.300000000000	46462.609380366477
-0.000100000000	0.350000000000	61594.823732103367
-0.000100000000	0.400000000000	78421.171454350726
-0.000100000000	0.450000000000	96822.759314356736
-0.000100000000	0.500000000000	116692.789489760908
-0.000090000000	-0.500000000000	238314.381331327022
-0.000090000000	-0.450000000000	182407.191506822943
-0.000090000000	-0.400000000000	136739.578036616847
-0.000090000000	-0.350000000000	99670.486601806770
-0.000090000000	-0.300000000000	69924.282701202537
-0.000090000000	-0.250000000000	46489.715557852978
-0.000090000000	-0.200000000000	28551.555333596400
-0.000090000000	-0.150000000000	15442.991089523653
-0.000090000000	-0.100000000000	6611.655098024579
-0.000090000000	-0.050000000000	1594.845157131686
-0.000090000000	0.000000000000	1.109636410559
-0.000090000000	0.050000000000	1496.329980542730
-0.000090000000	0.100000000000	5793.043740377752
-0.000090000000	0.150000000000	12642.142853832929
-0.000090000000	0.200000000000	21826.340004716672
-0.000090000000	0.250000000000	33154.969588211519
-0.000090000000	0.300000000000	46459.808943846539
-0.000090000000	0.350000000000	61591.688639514352
-0.000090000000	0.400000000000	78417.719503819433
-0.000090000000	0.450000000000	96819.006463001599
-0.000090000000	0.500000000000	116688.750099137178
-0.000080000000	-0.500000000000	238322.731152575463
-0.000080000000	-0.450000000000	182414.042183946323
-0.000080000000	-0.400000000000	136745.166638882889
-0.000080000000	-0.350000000000	99674.995499652956
-0.000080000000	-0.300000000000	69927.855191963477
-0.000080000000	-0.250000000000	46492.466283692651
-0.000080000000	-0.200000000000	28553.577444294260
-0.000080000000	-0.150000000000	15444.361298837057
-0.000080000000	-0.100000000000	6612.437335682199
-0.000080000000	-0.050000000000	1595.093259889202
-0.000080000000	0.000000000000	0.869366418382
-0.000080000000	0.050000000000	1495.640563201369
-0.000080000000	0.100000000000	5791.939052716201
-0.000080000000	0.150000000000	12640.652354569433
-0.000080000000	0.200000000000	21824.489470574757
-0.000080000000	0.250000000000	33152.781702986096
-0.000080000000	0.300000000000	46457.303774198037
-0.000080000000	0.350000000000	61588.884022660051
-0.000080000000	0.400000000000	78414.631365999638
-0.000080000000	0.450000000000	96815.649083042372
-0.000080000000	0.500000000000	116685.136328088804
-0.000070000000	-0.500000000000	238330.100182882830
-0.000070000000	-0.450000000000	182420.088261846424
-0.000070000000	-0.400000000000	136750.098981233721
-0.000070000000	-0.350000000000	99678.975049060478
-0.000070000000	-0.300000000000	69931.008407684712
-0.000070000000	-0.250000000000	46494.894336112455
-0.000070000000	-0.200000000000	28555.362536444969
-0.000070000000	-0.150000000000	15445.571128841451
-0.000070000000	-0.100000000000	6613.128319750002
-0.000070000000	-0.050000000000	1595.312907236096
-0.000070000000	0.000000000000	0.658060507289
-0.000070000000	0.050000000000	1495.032918914475
-0.000070000000	0.100000000000	5790.964965103704
-0.000070000000	0.150000000000	12639.337819626664
-0.000070000000	0.200000000000	21822.857235036907
-0.000070000000	0.250000000000	33150.851784173152
-0.000070000000	0.300000000000	46455.093879896063
-0.000070000000	0.350000000000	61586.409893252247
-0.000070000000	0.400000000000	78411.907055505959
-0.000070000000	0.450000000000	96812.687191707111
-0.000070000000	0.500000000000	116681.948196206256
-0.000060000000	-0.500000000000	238336.488241091865
-0.000060000000	-0.450000000000	182425.329603749851
-0.000060000000	-0.400000000000	136754.374960736808
-0.000060000000	-0.350000000000	99682.425173497730
-0.000060000000	-0.300000000000	69933.742292833922
-0.000060000000	-0.250000000000	46496.999676561798
-0.000060000000	-0.200000000000	28556.910585429876
-0.000060000000	-0.150000000000	15446.620566491791
-0.000060000000	-0.100000000000	6613.728046905030
-0.000060000000	-0.050000000000	1595.504104096595
-0.000060000000	0.000000000000	0.475730659360
-0.000060000000	0.050000000000	1494.507065752285
-0.000060000000	0.100000000000	5790.121500899622
-0.000060000000	0.150000000000	12638.199276989193
-0.000060000000	0.200000000000	21821.443330156362
-0.000060000000	0.250000000000	33149.179867424231
-0.000060000000	0.300000000000	46453.179299790907
-0.000060000000	0.350000000000	61584.266292997563
-0.000060000000	0.400000000000	78409.546616606647
-0.000060000000	0.450000000000	96810.120835570822
-0.000060000000	0.500000000000	116679.185752148886
-0.000050000000	-0.500000000000	238341.895222303196
-0.000050000000	-0.450000000000	182429.766143237881
-0.000050000000	-0.400000000000	136757.994540313201
-0.000050000000	-0.350000000000	99685.345858774032
-0.000050000000	-0.300000000000	69936.056851425441
-0.000050000000	-0.250000000000	46498.782323777297
-0.000050000000	-0.200000000000	28558.221622063222
-0.000050000000	-0.150000000000	15447.509652636058
-0.000050000000	-0.100000000000	6614.236566423386
-0.000050000000	-0.050000000000	1595.666906896222
-0.000050000000	0.000000000000	0.322439418565
-0.000050000000	0.050000000000	1494.063071536357
-0.000050000000	0.100000000000	5789.408732510710
-0.000050000000	0.150000000000	12637.236803073200
-0.000050000000	0.200000000000	21820.247835876176
-0.000050000000	0.250000000000	33147.766035801942
-0.000050000000	0.300000000000	46451.560119717862
-0.000050000000	0.350000000000	61582.453310207602
-0.000050000000	0.400000000000	78407.550139834028
-0.000050000000	0.450000000000	96807.950107165307
-0.000050000000	0.500000000000	116676.849090255535
-0.000040000000	-0.500000000000	238346.321130563359
-0.000040000000	-0.450000000000	182433.397916928981
-0.000040000000	-0.400000000000	136760.957781414763
-0.000040000000	-0.350000000000	99687.737185714417
-0.000040000000	-0.300000000000	69937.952179692918
-0.000040000000	-0.250000000000	46500.242386453181
-0.000040000000	-0.200000000000	28559.295765261631
-0.000040000000	-0.150000000000	15448.238514682727
-0.000040000000	-0.100000000000	6614.654012846478
-0.000040000000	-0.050000000000	1595.801456227400
-0.000040000000	0.000000000000	0.198332555497
-0.000040000000	0.050000000000	1493.701086503960
-0.000040000000	0.100000000000	5788.826814054684
-0.000040000000	0.150000000000	12636.450555389691
-0.000040000000	0.200000000000	21819.270912692238
-0.000040000000	0.250000000000	33146.610452442095
-0.000040000000	0.300000000000	46450.236505159482
-0.000040000000	0.350000000000	61580.971112460320
-0.000040000000	0.400000000000	78405.917794645531
-0.000040000000	0.450000000000	96806.175177640165
-0.000040000000	0.500000000000	116674.938383205037
-0.000030000000	-0.500000000000	238349.766148353112
-0.000030000000	-0.450000000000	182436.225133962813
-0.000030000000	-0.400000000000	136763.264913506078
-0.000030000000	-0.350000000000	99689.599399638813
-0.000030000000	-0.300000000000	69939.428535567131
-0.000030000000	-0.250000000000	46501.380132718055
-0.000030000000	-0.200000000000	28560.133291519425
-0.000030000000	-0.150000000000	15448.807436075918
-0.000030000000	-0.100000000000	6614.980675456234
-0.000030000000	-0.050000000000	1595.908046323831
-0.000030000000	0.000000000000	0.103708541678
-0.000030000000	0.050000000000	1493.421412781942
-0.000030000000	0.100000000000	5788.376050834066
-0.000030000000	0.150000000000	12635.840842018084
-0.000030000000	0.200000000000	21818.512871126732
-0.000030000000	0.250000000000	33145.713430027383
-0.000030000000	0.300000000000	46449.208770718797
-0.000030000000	0.350000000000	61579.820016073732
-0.000030000000	0.400000000000	78404.649898896911
-0.000030000000	0.450000000000	96804.796366235852
-0.000030000000	0.500000000000	116673.453951489253
-0.000020000000	-0.500000000000	238352.230790133326
-0.000020000000	-0.450000000000	182438.248329542839
-0.000020000000	-0.400000000000	136764.916487604904
-0.000020000000	-0.350000000000	99690.933063901335
-0.000020000000	-0.300000000000	69940.486492214084
-0.000020000000	-0.250000000000	46502.196143672139
-0.000020000000	-0.200000000000	28560.734788445927
-0.000020000000	-0.150000000000	15449.217009832082
-0.000020000000	-0.100000000000	6615.217151810841
-0.000020000000	-0.050000000000	1595.987278596530
-0.000020000000	0.000000000000	0.039172085100
-0.000020000000	0.050000000000	1493.224657922213
-0.000020000000	0.100000000000	5788.057052871460
-0.000020000000	0.150000000000	12635.408275141501
-0.000020000000	0.200000000000	21817.974325263087
-0.000020000000	0.250000000000	33145.075584322040
-0.000020000000	0.300000000000	46448.477533654092
-0.000020000000	0.350000000000	61579.000639640224
-0.000020000000	0.400000000000	78403.747072377184
-0.000020000000	0.450000000000	96803.814293818752
-0.000020000000	0.500000000000	116672.396416948308
-0.000010000000	-0.500000000000	238353.716061383195
-0.000010000000	-0.450000000000	182439.468523971213
-0.000010000000	-0.400000000000	136765.913535314554
-0.000010000000	-0.350000000000	99691.739218921051
-0.000010000000	-0.300000000000	69941.127097064076
-0.000010000000	-0.250000000000	46502.691472415696
-0.000010000000	-0.200000000000	28561.101313792507
-0.000010000000	-0.150000000000	15449.468297566380
-0.000010000000	-0.100000000000	6615.364506770872
-0.000010000000	-0.050000000000	1596.040220659028
-0.000010000000	0.000000000000	0.005793155285
-0.000010000000	0.050000000000	1493.111893926432
-0.000010000000	0.100000000000	5787.870893934007
-0.000010000000	0.150000000000	12635.153930070770
-0.000010000000	0.200000000000	21817.656351770263
-0.000010000000	0.250000000000	33144.697993195994
-0.000010000000	0.300000000000	46448.043872902774
-0.000010000000	0.350000000000	61578.514063050694
-0.000010000000	0.400000000000	78403.210395832313
-0.000010000000	0.450000000000	96803.230041904550
-0.000010000000	0.500000000000	116671.766861793294
0.000000000000	-0.500000000000	238354.218351615302
0.000000000000	-0.450000000000	182439.882115663699
0.000000000000	-0.400000000000	136766.252461838274
0.000000000000	-0.350000000000	99692.014275196285
0.000000000000	-0.300000000000	69941.346764826798
0.000000000000	-0.250000000000	46502.862537063796
0.000000000000	-0.200000000000	28561.229288468057
0.000000000000	-0.150000000000	15449.557722508465
0.000000000000	-0.100000000000	6615.419165515435
0.000000000000	-0.050000000000	1596.063299344074
0.000000000000	0.000000000000	0.000000000000
0.000000000000	0.050000000000	1493.079550263048
0.000000000000	0.100000000000	5787.814004550502
0.000000000000	0.150000000000	12635.074238261994
0.000000000000	0.200000000000	21817.555382919949
0.000000000000	0.250000000000	33144.577089642378
0.000000000000	0.300000000000	46447.904222099372
0.000000000000	0.350000000000	61578.356720512165
0.000000000000	0.400000000000	78403.036303982750
0.000000000000	0.450000000000	96803.040045676084
0.000000000000	0.500000000000	116671.561721625301
0.000010000000	-0.500000000000	238353.721583338309
0.000010000000	-0.450000000000	182439.473030108871
0.000010000000	-0.400000000000	136765.917194936163
0.000010000000	-0.350000000000	99691.742162258844
0.000010000000	-0.300000000000	69941.129426443484
0.000010000000	-0.250000000000	46502.693269697244
0.000010000000	-0.200000000000	28561.102645487998
0.000010000000	-0.150000000000	15449.469218450313
0.000010000000	-0.100000000000	6615.365062488714
0.000010000000	-0.050000000000	1596.040449649082
0.000010000000	0.000000000000	0.005728090138
0.000010000000	0.050000000000	1493.111562811222
0.000010000000	0.100000000000	5787.870320954957
0.000010000000	0.150000000000	12635.153136259451
0.000010000000	0.200000000000	21817.655355529252
0.000010000000	0.250000000000	33144.696810719637
0.000010000000	0.300000000000	46448.042518516813
0.000010000000	0.350000000000	61578.512549489074
0.000010000000	0.400000000000	78403.208734464686
0.000010000000	0.450000000000	96803.228242924393
0.000010000000	0.500000000000	116671.764934374747
0.000020000000	-0.500000000000	238352.241780921555
0.000020000000	-0.450000000000	182438.257288733614
0.000020000000	-0.400000000000	136764.923753792187
0.000020000000	-0.350000000000	99690.938897543063
0.000020000000	-0.300000000000	69940.491097956576
0.000020000000	-0.250000000000	46502.199685233099
0.000020000000	-0.200000000000	28560.737398846395
0.000020000000	-0.150000000000	15449.218798619029
0.000020000000	-0.100000000000	6615.218210273644
0.000020000000	-0.050000000000	1595.987683610560
0.000020000000	0.000000000000	0.038988994598
0.000020000000	0.050000000000	1493.223942736596
0.000020000000	0.100000000000	5788.055853962550
0.000020000000	0.150000000000	12635.406634571815
0.000020000000	0.200000000000	21817.972279837399
0.000020000000	0.250000000000	33145.073166428556
0.000020000000	0.300000000000	46448.474771943933
0.000020000000	0.350000000000	61578.997559581141
0.000020000000	0.400000000000	78403.743696708261
0.000020000000	0.450000000000	96803.810642926663
0.000020000000	0.500000000000	116672.392509181067
0.000030000000	-0.500000000000	238349.782611350907
0.000030000000	-0.450000000000	182436.238549658796
0.000030000000	-0.400000000000	136763.275789768551
0.000030000000	-0.350000000000	99689.608127138825
0.000030000000	-0.300000000000	69939.435421262824
0.000030000000	-0.250000000000	46501.385422177358
0.000030000000	-0.200000000000	28560.137184267402
0.000030000000	-0.150000000000	15448.810096427984
0.000030000000	-0.100000000000	6614.982240342521
0.000030000000	-0.050000000000	1595.908631054327
0.000030000000	0.000000000000	0.103411130192
0.000030000000	0.050000000000	1493.420317240533
0.000030000000	0.100000000000	5788.374229718819
0.000030000000	0.150000000000	12635.838358421341
0.000030000000	0.200000000000	21818.509780254437
0.000030000000	0.250000000000	33145.709780460907
0.000030000000	0.300000000000	46449.204605434010
0.000030000000	0.350000000000	61579.815373271478
0.000030000000	0.400000000000	78404.644812685161
0.000030000000	0.450000000000	96804.790867194140
0.000030000000	0.500000000000	116673.448067139267
0.000040000000	-0.500000000000	238346.343068378919
0.000040000000	-0.450000000000	182433.415791852050
0.000040000000	-0.400000000000	136760.972270560800
0.000040000000	-0.350000000000	99687.748809948665
0.000040000000	-0.300000000000	69937.961348271259
0.000040000000	-0.250000000000	46500.249426783586
0.000040000000	-0.200000000000	28559.300943365284
0.000040000000	-0.150000000000	15448.242049637567
0.000040000000	-0.100000000000	6614.656087218627
0.000040000000	-0.050000000000	1595.802223757620
0.000040000000	0.000000000000	0.197923924163
0.000040000000	0.050000000000	1493.699613723289
0.000040000000	0.100000000000	5788.824373862964
0.000040000000	0.150000000000	12636.447231907461
0.000040000000	0.200000000000	21819.266779525216
0.000040000000	0.250000000000	33146.605574363581
0.000040000000	0.300000000000	46450.230939469082
0.000040000000	0.350000000000	61580.964910091046
0.000040000000	0.400000000000	78405.911001073575
0.000040000000	0.450000000000	96806.167833637242
0.000040000000	0.500000000000	116674.930525465868
0.000050000000	-0.500000000000	238341.922635767260
0.000050000000	-0.450000000000	182429.788478369941
0.000050000000	-0.400000000000	136758.012643439986
0.000050000000	-0.350000000000	99685.360380929327
0.000050000000	-0.300000000000	69936.068304144588
0.000050000000	-0.250000000000	46498.791116294480
0.000050000000	-0.200000000000	28558.228086885450
0.000050000000	-0.150000000000	15447.514063595660
0.000050000000	-0.100000000000	6614.239151716180
0.000050000000	-0.050000000000	1595.667858688844
0.000050000000	0.000000000000	0.321921053785
0.000050000000	0.050000000000	1494.061223023362
0.000050000000	0.100000000000	5789.405674767248
0.000050000000	0.150000000000	12637.232641245730
0.000050000000	0.200000000000	21820.242661968303
0.000050000000	0.250000000000	33147.759930777298
0.000050000000	0.300000000000	46451.553155198417
0.000050000000	0.350000000000	61582.445549857490
0.000050000000	0.400000000000	78407.541640496551
0.000050000000	0.450000000000	96807.940919803572
0.000050000000	0.500000000000	116676.839260736509
0.000060000000	-0.500000000000	238336.521130060370
0.000060000000	-0.450000000000	182425.356399135460
0.000060000000	-0.400000000000	136754.396678032412
0.000060000000	-0.350000000000	99682.442593874031
0.000060000000	-0.300000000000	69933.756030082615
0.000060000000	-0.250000000000	46497.010221726239
0.000060000000	-0.200000000000	28556.918337489871
0.000060000000	-0.150000000000	15446.625854024145
0.000060000000	-0.100000000000	6613.731143727401
0.000060000000	-0.050000000000	1595.505240795101
0.000060000000	0.000000000000	0.475103234308
0.000060000000	0.050000000000	1494.504842205585
0.000060000000	0.100000000000	5790.117826325144
0.000060000000	0.150000000000	12638.194277556535
0.000060000000	0.200000000000	21821.437116264675
0.000060000000	0.250000000000	33149.172536225495
0.000060000000	0.300000000000	46453.170937227726
0.000060000000	0.350000000000	61584.256975463803
0.000060000000	0.400000000000	78409.536412311485
0.000060000000	0.450000000000	96810.109805667715
0.000060000000	0.500000000000	116679.173951676028
0.000070000000	-0.500000000000	238330.138546610455
0.000070000000	-0.450000000000	182420.119516966981
0.000070000000	-0.400000000000	136750.124312352244
0.000070000000	-0.350000000000	99678.995367446463
0.000070000000	-0.300000000000	69931.024429358484
0.000070000000	-0.250000000000	46494.906633906023
0.000070000000	-0.200000000000	28555.371575795427
0.000070000000	-0.150000000000	15445.577293057820
0.000070000000	-0.100000000000	6613.131928262445
0.000070000000	-0.050000000000	1595.314229042724
0.000070000000	0.000000000000	0.657324259831
0.000070000000	0.050000000000	1495.030320602731
0.000070000000	0.100000000000	5790.960673993526
0.000070000000	0.150000000000	12639.331982907377
0.000070000000	0.200000000000	21822.849981500440
0.000070000000	0.250000000000	33150.843227157369
0.000070000000	0.300000000000	46455.084119662322
0.000070000000	0.350000000000	61586.399018922290
0.000070000000	0.400000000000	78411.895146653420
0.000070000000	0.450000000000	96812.674319674334
0.000070000000	0.500000000000	116681.934425201733
0.000080000000	-0.500000000000	238322.774989887490
0.000080000000	-0.450000000000	182414.077897892392
0.000080000000	-0.400000000000	136745.195583117078
0.000080000000	-0.350000000000	99675.018715498809
0.000080000000	-0.300000000000	69927.873497637745
0.000080000000	-0.250000000000	46492.480333791929
0.000080000000	-0.200000000000	28553.587770694539
0.000080000000	-0.150000000000	15444.368339565772
0.000080000000	-0.100000000000	6612.441455770745
0.000080000000	-0.050000000000	1595.094766738949
0.000080000000	0.000000000000	0.868521325341
0.000080000000	0.050000000000	1495.637590137382
0.000080000000	0.100000000000	5791.934145114470
0.000080000000	0.150000000000	12640.645680635062
0.000080000000	0.200000000000	21824.481177489051
0.000080000000	0.250000000000	33152.771920270119
0.000080000000	0.300000000000	46457.292616429389
0.000080000000	0.350000000000	61588.871591686402
0.000080000000	0.400000000000	78414.617752757287
0.000080000000	0.450000000000	96815.634369061154
0.000080000000	0.500000000000	116685.120586746067
0.000090000000	-0.500000000000	238314.430640722305
0.000090000000	-0.450000000000	182407.231678394775
0.000090000000	-0.400000000000	136739.610592996527
0.000090000000	-0.350000000000	99670.512714321114
0.000090000000	-0.300000000000	69924.303290227806
0.000090000000	-0.250000000000	46489.731359723060
0.000090000000	-0.200000000000	28551.566946605639
0.000090000000	-0.150000000000	15442.999006401657
0.000090000000	-0.100000000000	6611.659729391553
0.000090000000	-0.050000000000	1594.846848782192
0.000090000000	0.000000000000	1.108682276940
0.000090000000	0.050000000000	1496.326632572295
0.000090000000	0.100000000000	5793.038216165560
0.000090000000	0.150000000000	12642.135342595418
0.000090000000	0.200000000000	21826.330672020798
0.000090000000	0.250000000000	33154.958579758342
0.000090000000	0.300000000000	46459.796388527233
0.000090000000	0.350000000000	61591.674651900263
0.000090000000	0.400000000000	78417.704186207484
0.000090000000	0.450000000000	96818.989907107403
0.000090000000	0.500000000000	116688.732387505428
0.000100000000	-0.500000000000	238305.105739602790
0.000100000000	-0.450000000000	182399.581048719236
0.000100000000	-0.400000000000	136733.369493925740
0.000100000000	-0.350000000000	99665.477485960990
0.000100000000	-0.300000000000	69920.313905403542
0.000100000000	-0.250000000000	46486.659790748774
0.000100000000	-0.200000000000	28549.309166805444
0.000100000000	-0.150000000000	15441.469343738796
0.000100000000	-0.100000000000	6610.786788291296
0.000100000000	-0.050000000000	1594.570505001638
0.000100000000	0.000000000000	1.377828952778
0.000100000000	0.050000000000	1497.097462852766
0.000100000000	0.100000000000	5794.272896103585
0.000100000000	0.150000000000	12643.800972508532
0.000100000000	0.200000000000	21828.398464209313
0.000100000000	0.250000000000	33157.403200661254
0.000100000000	0.300000000000	46462.595427373366
0.000100000000	0.350000000000	61594.808187747069
0.000100000000	0.400000000000	78421.154432286727
0.000100000000	0.450000000000	96822.740916484385
0.000100000000	0.500000000000	116692.769807790653
