-0.000100000000	-0.500000000000	40.048758654018
-0.000100000000	-0.450000000000	31.400129115871
-0.000100000000	-0.400000000000	24.354816090923
-0.000100000000	-0.350000000000	18.716920519148
-0.000100000000	-0.300000000000	14.330711303632
-0.000100000000	-0.250000000000	11.070219558536
-0.000100000000	-0.200000000000	8.832022819339
-0.000100000000	-0.150000000000	7.530107552548
-0.000100000000	-0.100000000000	7.092127073060
-0.000100000000	-0.050000000000	7.456621124804
-0.000100000000	0.000000000000	8.570913511788
-0.000100000000	0.050000000000	10.389497545718
-0.000100000000	0.100000000000	12.872778798934
-0.000100000000	0.150000000000	15.986083805045
-0.000100000000	0.200000000000	19.698869592334
-0.000100000000	0.250000000000	23.984086877091
-0.000100000000	0.300000000000	28.817662233571
-0.000100000000	0.350000000000	34.178073394286
-0.000100000000	0.400000000000	40.045998180929
-0.000100000000	0.450000000000	46.404022186903
-0.000100000000	0.500000000000	53.236393739058
-0.000090000000	-0.500000000000	41.015698028217
-0.000090000000	-0.450000000000	31.832880930949
-0.000090000000	-0.400000000000	24.315011635115
-0.000090000000	-0.350000000000	18.255601079689
-0.000090000000	-0.300000000000	13.490716845978
-0.000090000000	-0.250000000000	9.887919275587
-0.000090000000	-0.200000000000	7.338598919942
-0.000090000000	-0.150000000000	5.752527056284
-0.000090000000	-0.100000000000	5.053890376188
-0.000090000000	-0.050000000000	5.178347459060
-0.000090000000	0.000000000000	6.070805017493
-0.000090000000	0.050000000000	7.683711534291
-0.000090000000	0.100000000000	9.975729567562
-0.000090000000	0.150000000000	12.910689694824
-0.000090000000	0.200000000000	16.456756989553
-0.000090000000	0.250000000000	20.585759999946
-0.000090000000	0.300000000000	25.272645469414
-0.000090000000	0.350000000000	30.495031421434
-0.000090000000	0.400000000000	36.232837966044
-0.000090000000	0.450000000000	42.467980085683
-0.000090000000	0.500000000000	49.184110268993
-0.000080000000	-0.500000000000	42.562980887277
-0.000080000000	-0.450000000000	32.831935014529
-0.000080000000	-0.400000000000	24.831656569066
-0.000080000000	-0.350000000000	18.344061742791
-0.000080000000	-0.300000000000	13.196275097010
-0.000080000000	-0.250000000000	9.248830471570
-0.000080000000	-0.200000000000	6.387509712646
-0.000080000000	-0.150000000000	4.517545351705
-0.000080000000	-0.100000000000	3.559406845942
-0.000080000000	-0.050000000000	3.445675891634
-0.000080000000	0.000000000000	4.118688162680
-0.000080000000	0.050000000000	5.528725470566
-0.000080000000	0.100000000000	7.632610413411
-0.000080000000	0.150000000000	10.392600129373
-0.000080000000	0.200000000000	13.775505578858
-0.000080000000	0.250000000000	17.751983129944
-0.000080000000	0.300000000000	22.295959367053
-0.000080000000	0.350000000000	27.384160038477
-0.000080000000	0.400000000000	32.995721227972
-0.000080000000	0.450000000000	39.111866049177
-0.000080000000	0.500000000000	45.715634000906
-0.000070000000	-0.500000000000	44.575095688283
-0.000070000000	-0.450000000000	34.288621750000
-0.000070000000	-0.400000000000	25.802568162753
-0.000070000000	-0.350000000000	18.886205214680
-0.000070000000	-0.300000000000	13.356961150926
-0.000070000000	-0.250000000000	9.067795548403
-0.000070000000	-0.200000000000	5.898478367827
-0.000070000000	-0.150000000000	3.749403617100
-0.000070000000	-0.100000000000	2.537098764982
-0.000070000000	-0.050000000000	2.190898992778
-0.000070000000	0.000000000000	2.650440252853
-0.000070000000	0.050000000000	3.863739718701
-0.000070000000	0.100000000000	5.785705299073
-0.000070000000	0.150000000000	8.376963674166
-0.000070000000	0.200000000000	11.602928259088
-0.000070000000	0.250000000000	15.433050290281
-0.000070000000	0.300000000000	19.840211364835
-0.000070000000	0.350000000000	24.800226447960
-0.000070000000	0.400000000000	30.291434022036
-0.000070000000	0.450000000000	36.294355615089
-0.000070000000	0.500000000000	42.791411041060
-0.000060000000	-0.500000000000	46.911284530554
-0.000060000000	-0.450000000000	36.072788472930
-0.000060000000	-0.400000000000	27.107223100736
-0.000060000000	-0.350000000000	19.770227992494
-0.000060000000	-0.300000000000	13.868861715407
-0.000060000000	-0.250000000000	9.248043726681
-0.000060000000	-0.200000000000	5.781207148584
-0.000060000000	-0.150000000000	3.363679734362
-0.000060000000	-0.100000000000	1.907887223602
-0.000060000000	-0.050000000000	1.339806625765
-0.000060000000	0.000000000000	1.596296833923
-0.000060000000	0.050000000000	2.623057718931
-0.000060000000	0.100000000000	4.373047669313
-0.000060000000	0.150000000000	6.805241011151
-0.000060000000	0.200000000000	9.883641112185
-0.000060000000	0.250000000000	13.576488390830
-0.000060000000	0.300000000000	17.855618696324
-0.000060000000	0.350000000000	22.695938983683
-0.000060000000	0.400000000000	28.074995409983
-0.000060000000	0.450000000000	33.972614932470
-0.000060000000	0.500000000000	40.370605865660
-0.000050000000	-0.500000000000	49.404656353093
-0.000050000000	-0.450000000000	38.032851582308
-0.000050000000	-0.400000000000	28.607450185923
-0.000050000000	-0.350000000000	20.869744437073
-0.000050000000	-0.300000000000	14.615982912691
-0.000050000000	-0.250000000000	9.682777935632
-0.000050000000	-0.200000000000	5.937069057615
-0.000050000000	-0.150000000000	3.269031899338
-0.000050000000	-0.100000000000	1.586950316852
-0.000050000000	-0.050000000000	0.813432455319
-0.000050000000	0.000000000000	0.882568268310
-0.000050000000	0.050000000000	1.737760218612
-0.000050000000	0.100000000000	3.330044165787
-0.000050000000	0.150000000000	5.616773051983
-0.000050000000	0.200000000000	8.560573071552
-0.000050000000	0.250000000000	12.128507230087
-0.000050000000	0.300000000000	16.291398669205
-0.000050000000	0.350000000000	21.023278437187
-0.000050000000	0.400000000000	26.300931181992
-0.000050000000	0.450000000000	32.103518619315
-0.000050000000	0.500000000000	38.412265309197
-0.000040000000	-0.500000000000	51.864856135430
-0.000040000000	-0.450000000000	39.999042143642
-0.000040000000	-0.400000000000	30.150961066115
-0.000040000000	-0.350000000000	22.047418736340
-0.000040000000	-0.300000000000	15.473868172903
-0.000040000000	-0.250000000000	10.258707579854
-0.000040000000	-0.200000000000	6.262513178744
-0.000040000000	-0.150000000000	3.370452997065
-0.000040000000	-0.100000000000	1.486815240370
-0.000040000000	-0.050000000000	0.530980375589
-0.000040000000	0.000000000000	0.434402174847
-0.000040000000	0.050000000000	1.138308567135
-0.000040000000	0.100000000000	2.591925510106
-0.000040000000	0.150000000000	4.751087182470
-0.000040000000	0.200000000000	7.577135776476
-0.000040000000	0.250000000000	11.036041312153
-0.000040000000	0.300000000000	15.097690661595
-0.000040000000	0.350000000000	19.735308164067
-0.000040000000	0.400000000000	24.924979628138
-0.000040000000	0.450000000000	30.645258330684
-0.000040000000	0.500000000000	36.876836616676
-0.000030000000	-0.500000000000	54.086519617929
-0.000030000000	-0.450000000000	41.791504427769
-0.000030000000	-0.400000000000	31.578956255465
-0.000030000000	-0.350000000000	23.162028464589
-0.000030000000	-0.300000000000	16.316116097218
-0.000030000000	-0.250000000000	10.862041949871
-0.000030000000	-0.200000000000	6.654566800697
-0.000030000000	-0.150000000000	3.574319441877
-0.000030000000	-0.100000000000	1.521992737619
-0.000030000000	-0.050000000000	0.414082207001
-0.000030000000	0.000000000000	0.179699686235
-0.000030000000	0.050000000000	0.758152039215
-0.000030000000	0.100000000000	2.097074465784
-0.000030000000	0.150000000000	4.150972569672
-0.000030000000	0.200000000000	6.880070231685
-0.000030000000	0.250000000000	10.249389380983
-0.000030000000	0.300000000000	14.228007797659
-0.000030000000	0.350000000000	18.788455139175
-0.000030000000	0.400000000000	23.906217398118
-0.000030000000	0.450000000000	29.559327233109
-0.000030000000	0.500000000000	35.728022908074
-0.000020000000	-0.500000000000	55.865563847145
-0.000020000000	-0.450000000000	43.234591493529
-0.000020000000	-0.400000000000	32.738677548686
-0.000020000000	-0.350000000000	24.079511848709
-0.000020000000	-0.300000000000	17.024134331961
-0.000020000000	-0.250000000000	11.387133749039
-0.000020000000	-0.200000000000	7.018524603582
-0.000020000000	-0.150000000000	3.795258122008
-0.000020000000	-0.100000000000	1.615133403971
-0.000020000000	-0.050000000000	0.392337665646
-0.000020000000	0.000000000000	0.054118911135
-0.000020000000	0.050000000000	0.538262538084
-0.000020000000	0.100000000000	1.791149460540
-0.000020000000	0.150000000000	3.766241977060
-0.000020000000	0.200000000000	6.422889060845
-0.000020000000	0.250000000000	9.725373464072
-0.000020000000	0.300000000000	13.642144175677
-0.000020000000	0.350000000000	18.145192578938
-0.000020000000	0.400000000000	23.209541183694
-0.000020000000	0.450000000000	28.812821400672
-0.000020000000	0.500000000000	34.934922372195
-0.000010000000	-0.500000000000	57.023596712710
-0.000010000000	-0.450000000000	44.177163349369
-0.000010000000	-0.400000000000	33.500458473200
-0.000010000000	-0.350000000000	24.687424814881
-0.000010000000	-0.300000000000	17.499503808762
-0.000010000000	-0.250000000000	11.747137598836
-0.000010000000	-0.200000000000	7.277203901401
-0.000010000000	-0.150000000000	3.964237173097
-0.000010000000	-0.100000000000	1.704144356543
-0.000010000000	-0.050000000000	0.409610086486
-0.000010000000	0.000000000000	0.006673996965
-0.000010000000	0.050000000000	0.432138670886
-0.000010000000	0.100000000000	1.631577476789
-0.000010000000	0.150000000000	3.557783030819
-0.000010000000	0.200000000000	6.169544269156
-0.000010000000	0.250000000000	9.430671993245
-0.000010000000	0.300000000000	13.309214663215
-0.000010000000	0.350000000000	17.776821536518
-0.000010000000	0.400000000000	22.808221128944
-0.000010000000	0.450000000000	28.380790811847
-0.000010000000	0.500000000000	34.474199078101
0.000000000000	-0.500000000000	57.432008360735
0.000000000000	-0.450000000000	44.510851048741
0.000000000000	-0.400000000000	33.771625345722
0.000000000000	-0.350000000000	24.905510134352
0.000000000000	-0.300000000000	17.671959085216
0.000000000000	-0.250000000000	11.879948116081
0.000000000000	-0.200000000000	7.375249730068
0.000000000000	-0.150000000000	4.031549512530
0.000000000000	-0.100000000000	1.744091628233
0.000000000000	-0.050000000000	0.425035680524
0.000000000000	0.000000000000	0.000000000000
0.000000000000	0.050000000000	0.405445182912
0.000000000000	0.100000000000	1.586664100870
0.000000000000	0.150000000000	3.496217137123
0.000000000000	0.200000000000	6.092699306188
0.000000000000	0.250000000000	9.339758211664
0.000000000000	0.300000000000	13.205303986768
0.000000000000	0.350000000000	17.660867868954
0.000000000000	0.400000000000	22.681077066396
0.000000000000	0.450000000000	28.243221498095
0.000000000000	0.500000000000	34.326893769492
0.000010000000	-0.500000000000	57.029727294329
0.000010000000	-0.450000000000	44.182174943312
0.000010000000	-0.400000000000	33.504533334844
0.000010000000	-0.350000000000	24.690704022090
0.000010000000	-0.300000000000	17.502098798404
0.000010000000	-0.250000000000	11.749137927361
0.000010000000	-0.200000000000	7.278682621489
0.000010000000	-0.150000000000	3.965254654314
0.000010000000	-0.100000000000	1.704751060834
0.000010000000	-0.050000000000	0.409848623804
0.000010000000	0.000000000000	0.006580674045
0.000010000000	0.050000000000	0.431744676094
0.000010000000	0.100000000000	1.630909799053
0.000010000000	0.150000000000	3.556865181191
0.000010000000	0.200000000000	6.168396853774
0.000010000000	0.250000000000	9.429313172969
0.000010000000	0.300000000000	13.307660525812
0.000010000000	0.350000000000	17.775086400635
0.000010000000	0.400000000000	22.806317794330
0.000010000000	0.450000000000	28.378730766849
0.000010000000	0.500000000000	34.471992672898
0.000020000000	-0.500000000000	55.877178510875
0.000020000000	-0.450000000000	43.244066560567
0.000020000000	-0.400000000000	32.746354895180
0.000020000000	-0.350000000000	24.085657443837
0.000020000000	-0.300000000000	17.028959167798
0.000020000000	-0.250000000000	11.390808019960
0.000020000000	-0.200000000000	7.021187590139
0.000020000000	-0.150000000000	3.797025251960
0.000020000000	-0.100000000000	1.616101405811
0.000020000000	-0.050000000000	0.392588401409
0.000020000000	0.000000000000	0.053722274903
0.000020000000	0.050000000000	0.537278680814
0.000020000000	0.100000000000	1.789630520802
0.000020000000	0.150000000000	3.764233443757
0.000020000000	0.200000000000	6.420430858018
0.000020000000	0.250000000000	9.722500823126
0.000020000000	0.300000000000	13.638888343151
0.000020000000	0.350000000000	18.141581395673
0.000020000000	0.400000000000	23.205599562460
0.000020000000	0.450000000000	28.808571722895
0.000020000000	0.500000000000	34.930384819687
0.000030000000	-0.500000000000	54.102558729495
0.000030000000	-0.450000000000	41.804552197484
0.000030000000	-0.400000000000	31.589476900629
0.000030000000	-0.350000000000	23.170385791200
0.000030000000	-0.300000000000	16.322600541613
0.000030000000	-0.250000000000	10.866889083149
0.000030000000	-0.200000000000	6.657970340722
0.000030000000	-0.150000000000	3.576440620918
0.000030000000	-0.100000000000	1.522967186300
0.000030000000	-0.050000000000	0.414025105441
0.000030000000	0.000000000000	0.178709680996
0.000030000000	0.050000000000	0.756314264842
0.000030000000	0.100000000000	2.094462905953
0.000030000000	0.150000000000	4.147651923949
0.000030000000	0.200000000000	6.876097407189
0.000030000000	0.250000000000	10.244814695925
0.000030000000	0.300000000000	14.222875961084
0.000030000000	0.350000000000	18.782806055063
0.000030000000	0.400000000000	23.900086830348
0.000030000000	0.450000000000	29.552747359194
0.000030000000	0.500000000000	35.721022783305
0.000040000000	-0.500000000000	51.883971175368
0.000040000000	-0.450000000000	40.014514001788
0.000040000000	-0.400000000000	30.163334970738
0.000040000000	-0.350000000000	22.057125664289
0.000040000000	-0.300000000000	15.481254771264
0.000040000000	-0.250000000000	10.264056871731
0.000040000000	-0.200000000000	6.266059268554
0.000040000000	-0.150000000000	3.372391751520
0.000040000000	-0.100000000000	1.487312200322
0.000040000000	-0.050000000000	0.530176719062
0.000040000000	0.000000000000	0.432419281029
0.000040000000	0.050000000000	1.135251558072
0.000040000000	0.100000000000	2.587886033407
0.000040000000	0.150000000000	4.746145622404
0.000040000000	0.200000000000	7.571363028937
0.000040000000	0.250000000000	11.029500222904
0.000040000000	0.300000000000	15.090437201709
0.000040000000	0.350000000000	19.727392398204
0.000040000000	0.400000000000	24.916446518013
0.000040000000	0.450000000000	30.636148406311
0.000040000000	0.500000000000	36.867186540670
0.000050000000	-0.500000000000	49.425389630357
0.000050000000	-0.450000000000	38.049486287240
0.000050000000	-0.400000000000	28.620575406632
0.000050000000	-0.350000000000	20.879829969870
0.000050000000	-0.300000000000	14.623409609190
0.000050000000	-0.250000000000	9.687858931477
0.000050000000	-0.200000000000	5.940064997636
0.000050000000	-0.150000000000	3.270162095035
0.000050000000	-0.100000000000	1.586401078567
0.000050000000	-0.050000000000	0.811363418902
0.000050000000	0.000000000000	0.879117270573
0.000050000000	0.050000000000	1.733047104556
0.000050000000	0.100000000000	3.324173797361
0.000050000000	0.150000000000	5.609837711685
0.000050000000	0.200000000000	8.552654401594
0.000050000000	0.250000000000	12.119677811010
0.000050000000	0.300000000000	16.281723315659
0.000050000000	0.350000000000	21.012815269684
0.000050000000	0.400000000000	26.289732519634
0.000050000000	0.450000000000	32.091631728266
0.000050000000	0.500000000000	38.399733034056
0.000060000000	-0.500000000000	46.932209716953
0.000060000000	-0.450000000000	36.089330905649
0.000060000000	-0.400000000000	27.119986849274
0.000060000000	-0.350000000000	19.779698885852
0.000060000000	-0.300000000000	13.875436607410
0.000060000000	-0.250000000000	9.252051160290
0.000060000000	-0.200000000000	5.782922305541
0.000060000000	-0.150000000000	3.363335479499
0.000060000000	-0.100000000000	1.905682414564
0.000060000000	-0.050000000000	1.335912466774
0.000060000000	0.000000000000	1.590861804037
0.000060000000	0.050000000000	2.616211443900
0.000060000000	0.100000000000	4.364903998794
0.000060000000	0.150000000000	6.795900490065
0.000060000000	0.200000000000	9.873192984484
0.000060000000	0.250000000000	13.565012238343
0.000060000000	0.300000000000	17.843185789895
0.000060000000	0.350000000000	22.682613405350
0.000060000000	0.400000000000	28.060834991362
0.000060000000	0.450000000000	33.957672044427
0.000060000000	0.500000000000	40.354928086755
0.000070000000	-0.500000000000	44.594906048058
0.000070000000	-0.450000000000	34.303902054694
0.000070000000	-0.400000000000	25.813917492058
0.000070000000	-0.350000000000	18.894109038601
0.000070000000	-0.300000000000	13.361818785007
0.000070000000	-0.250000000000	9.069939682059
0.000070000000	-0.200000000000	5.898189291542
0.000070000000	-0.150000000000	3.746919803551
0.000070000000	-0.100000000000	2.532624881079
0.000070000000	-0.050000000000	2.184612062928
0.000070000000	0.000000000000	2.642494466910
0.000070000000	0.050000000000	3.854270229860
0.000070000000	0.100000000000	5.774831257861
0.000070000000	0.150000000000	8.364790677000
0.000070000000	0.200000000000	11.589550342750
0.000070000000	0.250000000000	15.418551570334
0.000070000000	0.300000000000	19.824667392049
0.000070000000	0.350000000000	24.783705339349
0.000070000000	0.400000000000	30.273997410217
0.000070000000	0.450000000000	36.276059450057
0.000070000000	0.500000000000	42.772306271203
0.000080000000	-0.500000000000	42.580532059795
0.000080000000	-0.450000000000	32.844911199500
0.000080000000	-0.400000000000	24.840639494913
0.000080000000	-0.350000000000	18.349525864015
0.000080000000	-0.300000000000	13.198613022700
0.000080000000	-0.250000000000	9.248371145745
0.000080000000	-0.200000000000	6.384531727871
0.000080000000	-0.150000000000	4.512286901349
0.000080000000	-0.100000000000	3.552073297719
0.000080000000	-0.050000000000	3.436445641900
0.000080000000	0.000000000000	4.107717224890
0.000080000000	0.050000000000	5.516151116279
0.000080000000	0.100000000000	7.618554093719
0.000080000000	0.150000000000	10.377169842556
0.000080000000	0.200000000000	13.758797806783
0.000080000000	0.250000000000	17.734084434977
0.000080000000	0.300000000000	22.276947719055
0.000080000000	0.350000000000	27.364105925282
0.000080000000	0.400000000000	32.974688590700
0.000080000000	0.450000000000	39.089913074758
0.000080000000	0.500000000000	45.692813797374
0.000090000000	-0.500000000000	41.030018759432
0.000090000000	-0.450000000000	31.842654108038
0.000090000000	-0.400000000000	24.320794946945
0.000090000000	-0.350000000000	18.257851778106
0.000090000000	-0.300000000000	13.489815210836
0.000090000000	-0.250000000000	9.884185445996
0.000090000000	-0.200000000000	7.332305262381
0.000090000000	-0.150000000000	5.743907442928
0.000090000000	-0.100000000000	5.043147271099
0.000090000000	-0.050000000000	5.165657415613
0.000090000000	0.000000000000	6.056323002664
0.000090000000	0.050000000000	7.667574372280
0.000090000000	0.100000000000	9.958058712525
0.000090000000	0.150000000000	12.891593485740
0.000090000000	0.200000000000	16.436332500564
0.000090000000	0.250000000000	20.564094571279
0.000090000000	0.300000000000	25.249817983594
0.000090000000	0.350000000000	30.471113374557
0.000090000000	0.400000000000	36.207894372772
0.000090000000	0.450000000000	42.442070248313
0.000090000000	0.500000000000	49.157288434601
0.000100000000	-0.500000000000	40.059042348264
0.000100000000	-0.450000000000	31.405941168767
0.000100000000	-0.400000000000	24.356687298334
0.000100000000	-0.350000000000	18.715287902124
0.000100000000	-0.300000000000	14.325939795642
0.000100000000	-0.250000000000	11.062617589416
0.000100000000	-0.200000000000	8.821853790225
0.000100000000	-0.150000000000	7.517598463384
0.000100000000	-0.100000000000	7.077475127420
0.000100000000	-0.050000000000	7.439998866630
0.000100000000	0.000000000000	8.552472876292
0.000100000000	0.050000000000	10.369373093705
0.000100000000	0.100000000000	12.851090327842
0.000100000000	0.150000000000	15.962938477914
0.000100000000	0.200000000000	19.674363689399
0.000100000000	0.250000000000	23.958307248778
0.000100000000	0.300000000000	28.790687514855
0.000100000000	0.350000000000	34.149975026612
0.000100000000	0.400000000000	40.016841277673
0.000100000000	0.450000000000	46.373866270626
0.000100000000	0.500000000000	53.205293372984
