-0.000200000000	-0.500000000000	238157.901632916444
-0.000200000000	-0.450000000000	182278.812465200026
-0.000200000000	-0.400000000000	136634.858042489854
-0.000200000000	-0.350000000000	99586.008457502758
-0.000200000000	-0.300000000000	69857.361084085132
-0.000200000000	-0.250000000000	46438.201948544491
-0.000200000000	-0.200000000000	28513.703876350261
-0.000200000000	-0.150000000000	15417.363888502785
-0.000200000000	-0.100000000000	6597.053809509551
-0.000200000000	-0.050000000000	1590.260576866993
-0.000200000000	0.000000000000	5.683885516473
-0.000200000000	0.050000000000	1509.327691653301
-0.000200000000	0.100000000000	5813.829790211327
-0.000200000000	0.150000000000	12670.164934972116
-0.000200000000	0.200000000000	21861.114827163256
-0.000200000000	0.250000000000	33196.071839824624
-0.000200000000	0.300000000000	46506.862373177355
-0.000200000000	0.350000000000	61644.358789521291
-0.000200000000	0.400000000000	78475.707742795479
-0.000200000000	0.450000000000	96882.045044393657
-0.000200000000	0.500000000000	116756.598044527753
-0.000180000000	-0.500000000000	238195.151998376823
-0.000180000000	-0.450000000000	182309.372861493321
-0.000180000000	-0.400000000000	136659.785527700529
-0.000180000000	-0.350000000000	99606.116358565807
-0.000180000000	-0.300000000000	69873.288579845888
-0.000180000000	-0.250000000000	46450.460475374639
-0.000180000000	-0.200000000000	28522.709041922575
-0.000180000000	-0.150000000000	15423.458005202507
-0.000180000000	-0.100000000000	6600.522172370045
-0.000180000000	-0.050000000000	1591.343460305394
-0.000180000000	0.000000000000	4.585542527296
-0.000180000000	0.050000000000	1506.223211453510
-0.000180000000	0.100000000000	5808.870398105581
-0.000180000000	0.150000000000	12663.482140621971
-0.000180000000	0.200000000000	21852.823709027787
-0.000180000000	0.250000000000	33186.273673000789
-0.000180000000	0.300000000000	46495.646752099368
-0.000180000000	0.350000000000	61631.805357726837
-0.000180000000	0.400000000000	78461.887613926345
-0.000180000000	0.450000000000	96867.021978288220
-0.000180000000	0.500000000000	116740.429427369978
-0.000160000000	-0.500000000000	238228.496499181842
-0.000160000000	-0.450000000000	182336.729086697887
-0.000160000000	-0.400000000000	136682.099855154171
-0.000160000000	-0.350000000000	99624.116918799293
-0.000160000000	-0.300000000000	69887.547573334028
-0.000160000000	-0.250000000000	46461.435729536286
-0.000160000000	-0.200000000000	28530.772588685119
-0.000160000000	-0.150000000000	15428.916257743222
-0.000160000000	-0.100000000000	6603.630499941857
-0.000160000000	-0.050000000000	1592.316929355887
-0.000160000000	0.000000000000	3.606973717526
-0.000160000000	0.050000000000	1503.449319141818
-0.000160000000	0.100000000000	5804.436535051436
-0.000160000000	0.150000000000	12657.506011626567
-0.000160000000	0.200000000000	21845.408311183251
-0.000160000000	0.250000000000	33177.509648095765
-0.000160000000	0.300000000000	46485.614286792166
-0.000160000000	0.350000000000	61620.575731949386
-0.000160000000	0.400000000000	78449.524472873789
-0.000160000000	0.450000000000	96853.582385166868
-0.000160000000	0.500000000000	116725.964740738651
-0.000140000000	-0.500000000000	238257.930457884504
-0.000140000000	-0.450000000000	182360.877263884991
-0.000140000000	-0.400000000000	136701.797758559667
-0.000140000000	-0.350000000000	99640.007348474115
-0.000140000000	-0.300000000000	69900.135653997379
-0.000140000000	-0.250000000000	46471.125607199763
-0.000140000000	-0.200000000000	28537.892664500367
-0.000140000000	-0.150000000000	15433.737003125014
-0.000140000000	-0.100000000000	6606.377324933270
-0.000140000000	-0.050000000000	1593.179665804682
-0.000140000000	0.000000000000	2.746988472313
-0.000140000000	0.050000000000	1501.004934183709
-0.000140000000	0.100000000000	5800.527216162106
-0.000140000000	0.150000000000	12652.235646748260
-0.000140000000	0.200000000000	21838.867805981998
-0.000140000000	0.250000000000	33169.779002555195
-0.000140000000	0.300000000000	46476.764272567663
-0.000140000000	0.350000000000	61610.669259179609
-0.000140000000	0.400000000000	78438.617712979409
-0.000140000000	0.450000000000	96841.725700108538
-0.000140000000	0.500000000000	116713.203457434269
-0.000120000000	-0.500000000000	238283.449777012749
-0.000120000000	-0.450000000000	182381.814002926461
-0.000120000000	-0.400000000000	136718.876387288066
-0.000120000000	-0.350000000000	99653.785217961355
-0.000120000000	-0.300000000000	69911.050727146736
-0.000120000000	-0.250000000000	46479.528284594635
-0.000120000000	-0.200000000000	28544.067667895237
-0.000120000000	-0.150000000000	15437.918824577326
-0.000120000000	-0.100000000000	6608.761385744515
-0.000120000000	-0.050000000000	1593.930539699302
-0.000120000000	0.000000000000	2.004569514206
-0.000120000000	0.050000000000	1498.889136503780
-0.000120000000	0.100000000000	5797.141605817519
-0.000120000000	0.150000000000	12647.670284224811
-0.000120000000	0.200000000000	21833.201496636644
-0.000120000000	0.250000000000	33163.081097063245
-0.000120000000	0.300000000000	46469.096121198978
-0.000120000000	0.350000000000	61602.085396816459
-0.000120000000	0.400000000000	78429.166832562987
-0.000120000000	0.450000000000	96831.451458279844
-0.000120000000	0.500000000000	116702.145145924762
-0.000100000000	-0.500000000000	238305.050959924352
-0.000100000000	-0.450000000000	182399.536420981749
-0.000100000000	-0.400000000000	136733.333326602151
-0.000100000000	-0.350000000000	99665.448477778016
-0.000100000000	-0.300000000000	69920.291033866801
-0.000100000000	-0.250000000000	46486.642237817927
-0.000100000000	-0.200000000000	28549.296267791251
-0.000100000000	-0.150000000000	15441.460551227477
-0.000100000000	-0.100000000000	6610.781646088010
-0.000100000000	-0.050000000000	1594.568628929925
-0.000100000000	0.000000000000	1.378892453090
-0.000100000000	0.050000000000	1497.101186009657
-0.000100000000	0.100000000000	5794.279037166218
-0.000100000000	0.150000000000	12643.809321254264
-0.000100000000	0.200000000000	21828.408836689738
-0.000100000000	0.250000000000	33157.415434998868
-0.000100000000	0.300000000000	46462.609380366477
-0.000100000000	0.350000000000	61594.823732103367
-0.000100000000	0.400000000000	78421.171454350726
-0.000100000000	0.450000000000	96822.759314356736
-0.000100000000	0.500000000000	116692.789489760908
-0.000080000000	-0.500000000000	238322.731152575463
-0.000080000000	-0.450000000000	182414.042183946323
-0.000080000000	-0.400000000000	136745.166638882889
-0.000080000000	-0.350000000000	99674.995499652956
-0.000080000000	-0.300000000000	69927.855191963477
-0.000080000000	-0.250000000000	46492.466283692651
-0.000080000000	-0.200000000000	28553.577444294260
-0.000080000000	-0.150000000000	15444.361298837057
-0.000080000000	-0.100000000000	6612.437335682199
-0.000080000000	-0.050000000000	1595.093259889202
-0.000080000000	0.000000000000	0.869366418382
-0.000080000000	0.050000000000	1495.640563201369
-0.000080000000	0.100000000000	5791.939052716201
-0.000080000000	0.150000000000	12640.652354569433
-0.000080000000	0.200000000000	21824.489470574757
-0.000080000000	0.250000000000	33152.781702986096
-0.000080000000	0.300000000000	46457.303774198037
-0.000080000000	0.350000000000	61588.884022660051
-0.000080000000	0.400000000000	78414.631365999638
-0.000080000000	0.450000000000	96815.649083042372
-0.000080000000	0.500000000000	116685.136328088804
-0.000060000000	-0.500000000000	238336.488241091865
-0.000060000000	-0.450000000000	182425.329603749851
-0.000060000000	-0.400000000000	136754.374960736808
-0.000060000000	-0.350000000000	99682.425173497730
-0.000060000000	-0.300000000000	69933.742292833922
-0.000060000000	-0.250000000000	46496.999676561798
-0.000060000000	-0.200000000000	28556.910585429876
-0.000060000000	-0.150000000000	15446.620566491791
-0.000060000000	-0.100000000000	6613.728046905030
-0.000060000000	-0.050000000000	1595.504104096595
-0.000060000000	0.000000000000	0.475730659360
-0.000060000000	0.050000000000	1494.507065752285
-0.000060000000	0.100000000000	5790.121500899622
-0.000060000000	0.150000000000	12638.199276989193
-0.000060000000	0.200000000000	21821.443330156362
-0.000060000000	0.250000000000	33149.179867424231
-0.000060000000	0.300000000000	46453.179299790907
-0.000060000000	0.350000000000	61584.266292997563
-0.000060000000	0.400000000000	78409.546616606647
-0.000060000000	0.450000000000	96810.120835570822
-0.000060000000	0.500000000000	116679.185752148886
-0.000040000000	-0.500000000000	238346.321130563359
-0.000040000000	-0.450000000000	182433.397916928981
-0.000040000000	-0.400000000000	136760.957781414763
-0.000040000000	-0.350000000000	99687.737185714417
-0.000040000000	-0.300000000000	69937.952179692918
-0.000040000000	-0.250000000000	46500.242386453181
-0.000040000000	-0.200000000000	28559.295765261631
-0.000040000000	-0.150000000000	15448.238514682727
-0.000040000000	-0.100000000000	6614.654012846478
-0.000040000000	-0.050000000000	1595.801456227400
-0.000040000000	0.000000000000	0.198332555497
-0.000040000000	0.050000000000	1493.701086503960
-0.000040000000	0.100000000000	5788.826814054684
-0.000040000000	0.150000000000	12636.450555389691
-0.000040000000	0.200000000000	21819.270912692238
-0.000040000000	0.250000000000	33146.610452442095
-0.000040000000	0.300000000000	46450.236505159482
-0.000040000000	0.350000000000	61580.971112460320
-0.000040000000	0.400000000000	78405.917794645531
-0.000040000000	0.450000000000	96806.175177640165
-0.000040000000	0.500000000000	116674.938383205037
-0.000020000000	-0.500000000000	238352.230790133326
-0.000020000000	-0.450000000000	182438.248329542839
-0.000020000000	-0.400000000000	136764.916487604904
-0.000020000000	-0.350000000000	99690.933063901335
-0.000020000000	-0.300000000000	69940.486492214084
-0.000020000000	-0.250000000000	46502.196143672139
-0.000020000000	-0.200000000000	28560.734788445927
-0.000020000000	-0.150000000000	15449.217009832082
-0.000020000000	-0.100000000000	6615.217151810841
-0.000020000000	-0.050000000000	1595.987278596530
-0.000020000000	0.000000000000	0.039172085100
-0.000020000000	0.050000000000	1493.224657922213
-0.000020000000	0.100000000000	5788.057052871460
-0.000020000000	0.150000000000	12635.408275141501
-0.000020000000	0.200000000000	21817.974325263087
-0.000020000000	0.250000000000	33145.075584322040
-0.000020000000	0.300000000000	46448.477533654092
-0.000020000000	0.350000000000	61579.000639640224
-0.000020000000	0.400000000000	78403.747072377184
-0.000020000000	0.450000000000	96803.814293818752
-0.000020000000	0.500000000000	116672.396416948308
0.000000000000	-0.500000000000	238354.218351615302
0.000000000000	-0.450000000000	182439.882115663699
0.000000000000	-0.400000000000	136766.252461838274
0.000000000000	-0.350000000000	99692.014275196285
0.000000000000	-0.300000000000	69941.346764826798
0.000000000000	-0.250000000000	46502.862537063796
0.000000000000	-0.200000000000	28561.229288468057
0.000000000000	-0.150000000000	15449.557722508465
0.000000000000	-0.100000000000	6615.419165515435
0.000000000000	-0.050000000000	1596.063299344074
0.000000000000	0.000000000000	0.000000000000
0.000000000000	0.050000000000	1493.079550263048
0.000000000000	0.100000000000	5787.814004550502
0.000000000000	0.150000000000	12635.074238261994
0.000000000000	0.200000000000	21817.555382919949
0.000000000000	0.250000000000	33144.577089642378
0.000000000000	0.300000000000	46447.904222099372
0.000000000000	0.350000000000	61578.356720512165
0.000000000000	0.400000000000	78403.036303982750
0.000000000000	0.450000000000	96803.040045676084
0.000000000000	0.500000000000	116671.561721625301
0.000020000000	-0.500000000000	238352.241780921555
0.000020000000	-0.450000000000	182438.257288733614
0.000020000000	-0.400000000000	136764.923753792187
0.000020000000	-0.350000000000	99690.938897543063
0.000020000000	-0.300000000000	69940.491097956576
0.000020000000	-0.250000000000	46502.199685233099
0.000020000000	-0.200000000000	28560.737398846395
0.000020000000	-0.150000000000	15449.218798619029
0.000020000000	-0.100000000000	6615.218210273644
0.000020000000	-0.050000000000	1595.987683610560
0.000020000000	0.000000000000	0.038988994598
0.000020000000	0.050000000000	1493.223942736596
0.000020000000	0.100000000000	5788.055853962550
0.000020000000	0.150000000000	12635.406634571815
0.000020000000	0.200000000000	21817.972279837399
0.000020000000	0.250000000000	33145.073166428556
0.000020000000	0.300000000000	46448.474771943933
0.000020000000	0.350000000000	61578.997559581141
0.000020000000	0.400000000000	78403.743696708261
0.000020000000	0.450000000000	96803.810642926663
0.000020000000	0.500000000000	116672.392509181067
0.000040000000	-0.500000000000	238346.343068378919
0.000040000000	-0.450000000000	182433.415791852050
0.000040000000	-0.400000000000	136760.972270560800
0.000040000000	-0.350000000000	99687.748809948665
0.000040000000	-0.300000000000	69937.961348271259
0.000040000000	-0.250000000000	46500.249426783586
0.000040000000	-0.200000000000	28559.300943365284
0.000040000000	-0.150000000000	15448.242049637567
0.000040000000	-0.100000000000	6614.656087218627
0.000040000000	-0.050000000000	1595.802223757620
0.000040000000	0.000000000000	0.197923924163
0.000040000000	0.050000000000	1493.699613723289
0.000040000000	0.100000000000	5788.824373862964
0.000040000000	0.150000000000	12636.447231907461
0.000040000000	0.200000000000	21819.266779525216
0.000040000000	0.250000000000	33146.605574363581
0.000040000000	0.300000000000	46450.230939469082
0.000040000000	0.350000000000	61580.964910091046
0.000040000000	0.400000000000	78405.911001073575
0.000040000000	0.450000000000	96806.167833637242
0.000040000000	0.500000000000	116674.930525465868
0.000060000000	-0.500000000000	238336.521130060370
0.000060000000	-0.450000000000	182425.356399135460
0.000060000000	-0.400000000000	136754.396678032412
0.000060000000	-0.350000000000	99682.442593874031
0.000060000000	-0.300000000000	69933.756030082615
0.000060000000	-0.250000000000	46497.010221726239
0.000060000000	-0.200000000000	28556.918337489871
0.000060000000	-0.150000000000	15446.625854024145
0.000060000000	-0.100000000000	6613.731143727401
0.000060000000	-0.050000000000	1595.505240795101
0.000060000000	0.000000000000	0.475103234308
0.000060000000	0.050000000000	1494.504842205585
0.000060000000	0.100000000000	5790.117826325144
0.000060000000	0.150000000000	12638.194277556535
0.000060000000	0.200000000000	21821.437116264675
0.000060000000	0.250000000000	33149.172536225495
0.000060000000	0.300000000000	46453.170937227726
0.000060000000	0.350000000000	61584.256975463803
0.000060000000	0.400000000000	78409.536412311485
0.000060000000	0.450000000000	96810.109805667715
0.000060000000	0.500000000000	116679.173951676028
0.000080000000	-0.500000000000	238322.774989887490
0.000080000000	-0.450000000000	182414.077897892392
0.000080000000	-0.400000000000	136745.195583117078
0.000080000000	-0.350000000000	99675.018715498809
0.000080000000	-0.300000000000	69927.873497637745
0.000080000000	-0.250000000000	46492.480333791929
0.000080000000	-0.200000000000	28553.587770694539
0.000080000000	-0.150000000000	15444.368339565772
0.000080000000	-0.100000000000	6612.441455770745
0.000080000000	-0.050000000000	1595.094766738949
0.000080000000	0.000000000000	0.868521325341
0.000080000000	0.050000000000	1495.637590137382
0.000080000000	0.100000000000	5791.934145114470
0.000080000000	0.150000000000	12640.645680635062
0.000080000000	0.200000000000	21824.481177489051
0.000080000000	0.250000000000	33152.771920270119
0.000080000000	0.300000000000	46457.292616429389
0.000080000000	0.350000000000	61588.871591686402
0.000080000000	0.400000000000	78414.617752757287
0.000080000000	0.450000000000	96815.634369061154
0.000080000000	0.500000000000	116685.120586746067
0.000100000000	-0.500000000000	238305.105739602790
0.000100000000	-0.450000000000	182399.581048719236
0.000100000000	-0.400000000000	136733.369493925740
0.000100000000	-0.350000000000	99665.477485960990
0.000100000000	-0.300000000000	69920.313905403542
0.000100000000	-0.250000000000	46486.659790748774
0.000100000000	-0.200000000000	28549.309166805444
0.000100000000	-0.150000000000	15441.469343738796
0.000100000000	-0.100000000000	6610.786788291296
0.000100000000	-0.050000000000	1594.570505001638
0.000100000000	0.000000000000	1.377828952778
0.000100000000	0.050000000000	1497.097462852766
0.000100000000	0.100000000000	5794.272896103585
0.000100000000	0.150000000000	12643.800972508532
0.000100000000	0.200000000000	21828.398464209313
0.000100000000	0.250000000000	33157.403200661254
0.000100000000	0.300000000000	46462.595427373366
0.000100000000	0.350000000000	61594.808187747069
0.000100000000	0.400000000000	78421.154432286727
0.000100000000	0.450000000000	96822.740916484385
0.000100000000	0.500000000000	116692.769807790653
0.000120000000	-0.500000000000	238283.515490799618
0.000120000000	-0.450000000000	182381.867537707178
0.000120000000	-0.400000000000	136718.919772102527
0.000120000000	-0.350000000000	99653.820013778866
0.000120000000	-0.300000000000	69911.078160555218
0.000120000000	-0.250000000000	46479.549336941265
0.000120000000	-0.200000000000	28544.083136578560
0.000120000000	-0.150000000000	15437.929366317449
0.000120000000	-0.100000000000	6608.767547836718
0.000120000000	-0.050000000000	1593.932783045102
0.000120000000	0.000000000000	2.003285896241
0.000120000000	0.050000000000	1498.884661748244
0.000120000000	0.100000000000	5797.134229965875
0.000120000000	0.150000000000	12647.660259494771
0.000120000000	0.200000000000	21833.189043724873
0.000120000000	0.250000000000	33163.066410187748
0.000120000000	0.300000000000	46469.079372172077
0.000120000000	0.350000000000	61602.066738363581
0.000120000000	0.400000000000	78429.146401048769
0.000120000000	0.450000000000	96831.429375964537
0.000120000000	0.500000000000	116702.121522844580
0.000140000000	-0.500000000000	238258.007095546403
0.000140000000	-0.450000000000	182360.939697285532
0.000140000000	-0.400000000000	136701.848353820445
0.000140000000	-0.350000000000	99640.047925955951
0.000140000000	-0.300000000000	69900.167644160931
0.000140000000	-0.250000000000	46471.150154535062
0.000140000000	-0.200000000000	28537.910698990803
0.000140000000	-0.150000000000	15433.749290700771
0.000140000000	-0.100000000000	6606.384503914615
0.000140000000	-0.050000000000	1593.182273758222
0.000140000000	0.000000000000	2.745482355325
0.000140000000	0.050000000000	1500.999705693680
0.000140000000	0.100000000000	5800.518603598664
0.000140000000	0.150000000000	12652.223944297202
0.000140000000	0.200000000000	21838.853271065665
0.000140000000	0.250000000000	33169.761861713130
0.000140000000	0.300000000000	46476.744726206518
0.000140000000	0.350000000000	61610.647485444068
0.000140000000	0.400000000000	78438.593870931378
0.000140000000	0.450000000000	96841.699932358970
0.000140000000	0.500000000000	116713.175892336032
0.000160000000	-0.500000000000	238228.584048619290
0.000160000000	-0.450000000000	182336.800408727780
0.000160000000	-0.400000000000	136682.157652477094
0.000160000000	-0.350000000000	99624.163270813122
0.000160000000	-0.300000000000	69887.584114115161
0.000160000000	-0.250000000000	46461.463766526183
0.000160000000	-0.200000000000	28530.793184307098
0.000160000000	-0.150000000000	15428.930287025463
0.000160000000	-0.100000000000	6603.638692141671
0.000160000000	-0.050000000000	1592.319898634942
0.000160000000	0.000000000000	3.605242151426
0.000160000000	0.050000000000	1503.443334253332
0.000160000000	0.100000000000	5804.426683360511
0.000160000000	0.150000000000	12657.492629255721
0.000160000000	0.200000000000	21845.391692254150
0.000160000000	0.250000000000	33177.490051447166
0.000160000000	0.300000000000	46485.591941406426
0.000160000000	0.350000000000	61620.550841374097
0.000160000000	0.400000000000	78449.497218854362
0.000160000000	0.450000000000	96853.552930652804
0.000160000000	0.500000000000	116725.933232389114
0.000180000000	-0.500000000000	238195.250445681915
0.000180000000	-0.450000000000	182309.453060652129
0.000180000000	-0.400000000000	136659.850517418905
0.000180000000	-0.350000000000	99606.168476874271
0.000180000000	-0.300000000000	69873.329664142759
0.000180000000	-0.250000000000	46450.491995834949
0.000180000000	-0.200000000000	28522.732193243792
0.000180000000	-0.150000000000	15423.473771382964
0.000180000000	-0.100000000000	6600.531373503667
0.000180000000	-0.050000000000	1591.346787068961
0.000180000000	0.000000000000	4.583582050297
0.000180000000	0.050000000000	1506.216467031608
0.000180000000	0.100000000000	5808.859304435844
0.000180000000	0.150000000000	12663.467075727687
0.000180000000	0.200000000000	21852.805003699930
0.000180000000	0.250000000000	33186.251618352064
0.000180000000	0.300000000000	46495.621605666063
0.000180000000	0.350000000000	61631.777348441246
0.000180000000	0.400000000000	78461.856946201340
0.000180000000	0.450000000000	96866.988835398253
0.000180000000	0.500000000000	116740.393974268489
0.000200000000	-0.500000000000	238158.010962394939
0.000200000000	-0.450000000000	182278.901528498856
0.000200000000	-0.400000000000	136634.930213676358
0.000200000000	-0.350000000000	99586.066332785354
0.000200000000	-0.300000000000	69857.406703854300
0.000200000000	-0.250000000000	46438.236945463446
0.000200000000	-0.200000000000	28513.729577204569
0.000200000000	-0.150000000000	15417.381386117069
0.000200000000	-0.100000000000	6597.064014701513
0.000200000000	-0.050000000000	1590.264256738723
0.000200000000	0.000000000000	5.681692178917
0.000200000000	0.050000000000	1509.320184115978
0.000200000000	0.100000000000	5813.817451299844
0.000200000000	0.150000000000	12670.148184570216
0.000200000000	0.200000000000	21861.094032697431
0.000200000000	0.250000000000	33196.047324652893
0.000200000000	0.300000000000	46506.834423365843
0.000200000000	0.350000000000	61644.327659365998
0.000200000000	0.400000000000	78475.673659359163
0.000200000000	0.450000000000	96882.008211260167
0.000200000000	0.500000000000	116756.558644931356
