-0.000100000000	-0.500000000000	51.578487850511
-0.000100000000	-0.450000000000	49.298487850511
-0.000100000000	-0.400000000000	47.258487850511
-0.000100000000	-0.350000000000	45.458487850511
-0.000100000000	-0.300000000000	43.898487850511
-0.000100000000	-0.250000000000	42.578487850511
-0.000100000000	-0.200000000000	41.498487850511
-0.000100000000	-0.150000000000	40.658487850511
-0.000100000000	-0.100000000000	40.058487850511
-0.000100000000	-0.050000000000	39.698487850511
-0.000100000000	0.000000000000	39.578487850511
-0.000100000000	0.050000000000	39.698487850511
-0.000100000000	0.100000000000	40.058487850511
-0.000100000000	0.150000000000	40.658487850511
-0.000100000000	0.200000000000	41.498487850511
-0.000100000000	0.250000000000	42.578487850511
-0.000100000000	0.300000000000	43.898487850511
-0.000100000000	0.350000000000	45.458487850511
-0.000100000000	0.400000000000	47.258487850511
-0.000100000000	0.450000000000	49.298487850511
-0.000100000000	0.500000000000	51.578487850511
-0.000090000000	-0.500000000000	43.513755331852
-0.000090000000	-0.450000000000	41.233755331852
-0.000090000000	-0.400000000000	39.193755331852
-0.000090000000	-0.350000000000	37.393755331852
-0.000090000000	-0.300000000000	35.833755331852
-0.000090000000	-0.250000000000	34.513755331852
-0.000090000000	-0.200000000000	33.433755331852
-0.000090000000	-0.150000000000	32.593755331852
-0.000090000000	-0.100000000000	31.993755331852
-0.000090000000	-0.050000000000	31.633755331852
-0.000090000000	0.000000000000	31.513755331852
-0.000090000000	0.050000000000	31.633755331852
-0.000090000000	0.100000000000	31.993755331852
-0.000090000000	0.150000000000	32.593755331852
-0.000090000000	0.200000000000	33.433755331852
-0.000090000000	0.250000000000	34.513755331852
-0.000090000000	0.300000000000	35.833755331852
-0.000090000000	0.350000000000	37.393755331852
-0.000090000000	0.400000000000	39.193755331852
-0.000090000000	0.450000000000	41.233755331852
-0.000090000000	0.500000000000	43.513755331852
-0.000080000000	-0.500000000000	36.349013071078
-0.000080000000	-0.450000000000	34.069013071078
-0.000080000000	-0.400000000000	32.029013071078
-0.000080000000	-0.350000000000	30.229013071078
-0.000080000000	-0.300000000000	28.669013071078
-0.000080000000	-0.250000000000	27.349013071078
-0.000080000000	-0.200000000000	26.269013071078
-0.000080000000	-0.150000000000	25.429013071078
-0.000080000000	-0.100000000000	24.829013071078
-0.000080000000	-0.050000000000	24.469013071078
-0.000080000000	0.000000000000	24.349013071078
-0.000080000000	0.050000000000	24.469013071078
-0.000080000000	0.100000000000	24.829013071078
-0.000080000000	0.150000000000	25.429013071078
-0.000080000000	0.200000000000	26.269013071078
-0.000080000000	0.250000000000	27.349013071078
-0.000080000000	0.300000000000	28.669013071078
-0.000080000000	0.350000000000	30.229013071078
-0.000080000000	0.400000000000	32.029013071078
-0.000080000000	0.450000000000	34.069013071078
-0.000080000000	0.500000000000	36.349013071078
-0.000070000000	-0.500000000000	30.090075051243
-0.000070000000	-0.450000000000	27.810075051243
-0.000070000000	-0.400000000000	25.770075051243
-0.000070000000	-0.350000000000	23.970075051243
-0.000070000000	-0.300000000000	22.410075051243
-0.000070000000	-0.250000000000	21.090075051243
-0.000070000000	-0.200000000000	20.010075051243
-0.000070000000	-0.150000000000	19.170075051243
-0.000070000000	-0.100000000000	18.570075051243
-0.000070000000	-0.050000000000	18.210075051243
-0.000070000000	0.000000000000	18.090075051243
-0.000070000000	0.050000000000	18.210075051243
-0.000070000000	0.100000000000	18.570075051243
-0.000070000000	0.150000000000	19.170075051243
-0.000070000000	0.200000000000	20.010075051243
-0.000070000000	0.250000000000	21.090075051243
-0.000070000000	0.300000000000	22.410075051243
-0.000070000000	0.350000000000	23.970075051243
-0.000070000000	0.400000000000	25.770075051243
-0.000070000000	0.450000000000	27.810075051243
-0.000070000000	0.500000000000	30.090075051243
-0.000060000000	-0.500000000000	24.744703516950
-0.000060000000	-0.450000000000	22.464703516950
-0.000060000000	-0.400000000000	20.424703516950
-0.000060000000	-0.350000000000	18.624703516950
-0.000060000000	-0.300000000000	17.064703516950
-0.000060000000	-0.250000000000	15.744703516950
-0.000060000000	-0.200000000000	14.664703516950
-0.000060000000	-0.150000000000	13.824703516950
-0.000060000000	-0.100000000000	13.224703516950
-0.000060000000	-0.050000000000	12.864703516950
-0.000060000000	0.000000000000	12.744703516950
-0.000060000000	0.050000000000	12.864703516950
-0.000060000000	0.100000000000	13.224703516950
-0.000060000000	0.150000000000	13.824703516950
-0.000060000000	0.200000000000	14.664703516950
-0.000060000000	0.250000000000	15.744703516950
-0.000060000000	0.300000000000	17.064703516950
-0.000060000000	0.350000000000	18.624703516950
-0.000060000000	0.400000000000	20.424703516950
-0.000060000000	0.450000000000	22.464703516950
-0.000060000000	0.500000000000	24.744703516950
-0.000050000000	-0.500000000000	20.323333794270
-0.000050000000	-0.450000000000	18.043333794270
-0.000050000000	-0.400000000000	16.003333794270
-0.000050000000	-0.350000000000	14.203333794270
-0.000050000000	-0.300000000000	12.643333794270
-0.000050000000	-0.250000000000	11.323333794270
-0.000050000000	-0.200000000000	10.243333794270
-0.000050000000	-0.150000000000	9.403333794270
-0.000050000000	-0.100000000000	8.803333794270
-0.000050000000	-0.050000000000	8.443333794270
-0.000050000000	0.000000000000	8.323333794270
-0.000050000000	0.050000000000	8.443333794270
-0.000050000000	0.100000000000	8.803333794270
-0.000050000000	0.150000000000	9.403333794270
-0.000050000000	0.200000000000	10.243333794270
-0.000050000000	0.250000000000	11.323333794270
-0.000050000000	0.300000000000	12.643333794270
-0.000050000000	0.350000000000	14.203333794270
-0.000050000000	0.400000000000	16.003333794270
-0.000050000000	0.450000000000	18.043333794270
-0.000050000000	0.500000000000	20.323333794270
-0.000040000000	-0.500000000000	16.839723872717
-0.000040000000	-0.450000000000	14.559723872717
-0.000040000000	-0.400000000000	12.519723872717
-0.000040000000	-0.350000000000	10.719723872717
-0.000040000000	-0.300000000000	9.159723872717
-0.000040000000	-0.250000000000	7.839723872717
-0.000040000000	-0.200000000000	6.759723872717
-0.000040000000	-0.150000000000	5.919723872717
-0.000040000000	-0.100000000000	5.319723872717
-0.000040000000	-0.050000000000	4.959723872717
-0.000040000000	0.000000000000	4.839723872717
-0.000040000000	0.050000000000	4.959723872717
-0.000040000000	0.100000000000	5.319723872717
-0.000040000000	0.150000000000	5.919723872717
-0.000040000000	0.200000000000	6.759723872717
-0.000040000000	0.250000000000	7.839723872717
-0.000040000000	0.300000000000	9.159723872717
-0.000040000000	0.350000000000	10.719723872717
-0.000040000000	0.400000000000	12.519723872717
-0.000040000000	0.450000000000	14.559723872717
-0.000040000000	0.500000000000	16.839723872717
-0.000030000000	-0.500000000000	14.310001199264
-0.000030000000	-0.450000000000	12.030001199264
-0.000030000000	-0.400000000000	9.990001199264
-0.000030000000	-0.350000000000	8.190001199264
-0.000030000000	-0.300000000000	6.630001199264
-0.000030000000	-0.250000000000	5.310001199264
-0.000030000000	-0.200000000000	4.230001199264
-0.000030000000	-0.150000000000	3.390001199264
-0.000030000000	-0.100000000000	2.790001199264
-0.000030000000	-0.050000000000	2.430001199264
-0.000030000000	0.000000000000	2.310001199264
-0.000030000000	0.050000000000	2.430001199264
-0.000030000000	0.100000000000	2.790001199264
-0.000030000000	0.150000000000	3.390001199264
-0.000030000000	0.200000000000	4.230001199264
-0.000030000000	0.250000000000	5.310001199264
-0.000030000000	0.300000000000	6.630001199264
-0.000030000000	0.350000000000	8.190001199264
-0.000030000000	0.400000000000	9.990001199264
-0.000030000000	0.450000000000	12.030001199264
-0.000030000000	0.500000000000	14.310001199264
-0.000020000000	-0.500000000000	12.742361431885
-0.000020000000	-0.450000000000	10.462361431885
-0.000020000000	-0.400000000000	8.422361431885
-0.000020000000	-0.350000000000	6.622361431885
-0.000020000000	-0.300000000000	5.062361431885
-0.000020000000	-0.250000000000	3.742361431885
-0.000020000000	-0.200000000000	2.662361431885
-0.000020000000	-0.150000000000	1.822361431885
-0.000020000000	-0.100000000000	1.222361431885
-0.000020000000	-0.050000000000	0.862361431885
-0.000020000000	0.000000000000	0.742361431885
-0.000020000000	0.050000000000	0.862361431885
-0.000020000000	0.100000000000	1.222361431885
-0.000020000000	0.150000000000	1.822361431885
-0.000020000000	0.200000000000	2.662361431885
-0.000020000000	0.250000000000	3.742361431885
-0.000020000000	0.300000000000	5.062361431885
-0.000020000000	0.350000000000	6.622361431885
-0.000020000000	0.400000000000	8.422361431885
-0.000020000000	0.450000000000	10.462361431885
-0.000020000000	0.500000000000	12.742361431885
-0.000010000000	-0.500000000000	12.080807624536
-0.000010000000	-0.450000000000	9.800807624536
-0.000010000000	-0.400000000000	7.760807624536
-0.000010000000	-0.350000000000	5.960807624536
-0.000010000000	-0.300000000000	4.400807624536
-0.000010000000	-0.250000000000	3.080807624536
-0.000010000000	-0.200000000000	2.000807624536
-0.000010000000	-0.150000000000	1.160807624536
-0.000010000000	-0.100000000000	0.560807624536
-0.000010000000	-0.050000000000	0.200807624536
-0.000010000000	0.000000000000	0.080807624536
-0.000010000000	0.050000000000	0.200807624536
-0.000010000000	0.100000000000	0.560807624536
-0.000010000000	0.150000000000	1.160807624536
-0.000010000000	0.200000000000	2.000807624536
-0.000010000000	0.250000000000	3.080807624536
-0.000010000000	0.300000000000	4.400807624536
-0.000010000000	0.350000000000	5.960807624536
-0.000010000000	0.400000000000	7.760807624536
-0.000010000000	0.450000000000	9.800807624536
-0.000010000000	0.500000000000	12.080807624536
0.000000000000	-0.500000000000	12.000000000000
0.000000000000	-0.450000000000	9.720000000000
0.000000000000	-0.400000000000	7.680000000000
0.000000000000	-0.350000000000	5.880000000000
0.000000000000	-0.300000000000	4.320000000000
0.000000000000	-0.250000000000	3.000000000000
0.000000000000	-0.200000000000	1.920000000000
0.000000000000	-0.150000000000	1.080000000000
0.000000000000	-0.100000000000	0.480000000000
0.000000000000	-0.050000000000	0.120000000000
0.000000000000	0.000000000000	0.000000000000
0.000000000000	0.050000000000	0.120000000000
0.000000000000	0.100000000000	0.480000000000
0.000000000000	0.150000000000	1.080000000000
0.000000000000	0.200000000000	1.920000000000
0.000000000000	0.250000000000	3.000000000000
0.000000000000	0.300000000000	4.320000000000
0.000000000000	0.350000000000	5.880000000000
0.000000000000	0.400000000000	7.680000000000
0.000000000000	0.450000000000	9.720000000000
0.000000000000	0.500000000000	12.000000000000
0.000010000000	-0.500000000000	12.078961014800
0.000010000000	-0.450000000000	9.798961014800
0.000010000000	-0.400000000000	7.758961014800
0.000010000000	-0.350000000000	5.958961014800
0.000010000000	-0.300000000000	4.398961014800
0.000010000000	-0.250000000000	3.078961014800
0.000010000000	-0.200000000000	1.998961014800
0.000010000000	-0.150000000000	1.158961014800
0.000010000000	-0.100000000000	0.558961014800
0.000010000000	-0.050000000000	0.198961014800
0.000010000000	0.000000000000	0.078961014800
0.000010000000	0.050000000000	0.198961014800
0.000010000000	0.100000000000	0.558961014800
0.000010000000	0.150000000000	1.158961014800
0.000010000000	0.200000000000	1.998961014800
0.000010000000	0.250000000000	3.078961014800
0.000010000000	0.300000000000	4.398961014800
0.000010000000	0.350000000000	5.958961014800
0.000010000000	0.400000000000	7.758961014800
0.000010000000	0.450000000000	9.798961014800
0.000010000000	0.500000000000	12.078961014800
0.000020000000	-0.500000000000	12.734675531902
0.000020000000	-0.450000000000	10.454675531902
0.000020000000	-0.400000000000	8.414675531902
0.000020000000	-0.350000000000	6.614675531902
0.000020000000	-0.300000000000	5.054675531902
0.000020000000	-0.250000000000	3.734675531902
0.000020000000	-0.200000000000	2.654675531902
0.000020000000	-0.150000000000	1.814675531902
0.000020000000	-0.100000000000	1.214675531902
0.000020000000	-0.050000000000	0.854675531902
0.000020000000	0.000000000000	0.734675531902
0.000020000000	0.050000000000	0.854675531902
0.000020000000	0.100000000000	1.214675531902
0.000020000000	0.150000000000	1.814675531902
0.000020000000	0.200000000000	2.654675531902
0.000020000000	0.250000000000	3.734675531902
0.000020000000	0.300000000000	5.054675531902
0.000020000000	0.350000000000	6.614675531902
0.000020000000	0.400000000000	8.414675531902
0.000020000000	0.450000000000	10.454675531902
0.000020000000	0.500000000000	12.734675531902
0.000030000000	-0.500000000000	14.295227112942
0.000030000000	-0.450000000000	12.015227112942
0.000030000000	-0.400000000000	9.975227112942
0.000030000000	-0.350000000000	8.175227112942
0.000030000000	-0.300000000000	6.615227112942
0.000030000000	-0.250000000000	5.295227112942
0.000030000000	-0.200000000000	4.215227112942
0.000030000000	-0.150000000000	3.375227112942
0.000030000000	-0.100000000000	2.775227112942
0.000030000000	-0.050000000000	2.415227112942
0.000030000000	0.000000000000	2.295227112942
0.000030000000	0.050000000000	2.415227112942
0.000030000000	0.100000000000	2.775227112942
0.000030000000	0.150000000000	3.375227112942
0.000030000000	0.200000000000	4.215227112942
0.000030000000	0.250000000000	5.295227112942
0.000030000000	0.300000000000	6.615227112942
0.000030000000	0.350000000000	8.175227112942
0.000030000000	0.400000000000	9.975227112942
0.000030000000	0.450000000000	12.015227112942
0.000030000000	0.500000000000	14.295227112942
0.000040000000	-0.500000000000	16.817732869501
0.000040000000	-0.450000000000	14.537732869501
0.000040000000	-0.400000000000	12.497732869501
0.000040000000	-0.350000000000	10.697732869501
0.000040000000	-0.300000000000	9.137732869501
0.000040000000	-0.250000000000	7.817732869501
0.000040000000	-0.200000000000	6.737732869501
0.000040000000	-0.150000000000	5.897732869501
0.000040000000	-0.100000000000	5.297732869501
0.000040000000	-0.050000000000	4.937732869501
0.000040000000	0.000000000000	4.817732869501
0.000040000000	0.050000000000	4.937732869501
0.000040000000	0.100000000000	5.297732869501
0.000040000000	0.150000000000	5.897732869501
0.000040000000	0.200000000000	6.737732869501
0.000040000000	0.250000000000	7.817732869501
0.000040000000	0.300000000000	9.137732869501
0.000040000000	0.350000000000	10.697732869501
0.000040000000	0.400000000000	12.497732869501
0.000040000000	0.450000000000	14.537732869501
0.000040000000	0.500000000000	16.817732869501
0.000050000000	-0.500000000000	20.294224621964
0.000050000000	-0.450000000000	18.014224621964
0.000050000000	-0.400000000000	15.974224621964
0.000050000000	-0.350000000000	14.174224621964
0.000050000000	-0.300000000000	12.614224621964
0.000050000000	-0.250000000000	11.294224621964
0.000050000000	-0.200000000000	10.214224621964
0.000050000000	-0.150000000000	9.374224621964
0.000050000000	-0.100000000000	8.774224621964
0.000050000000	-0.050000000000	8.414224621964
0.000050000000	0.000000000000	8.294224621964
0.000050000000	0.050000000000	8.414224621964
0.000050000000	0.100000000000	8.774224621964
0.000050000000	0.150000000000	9.374224621964
0.000050000000	0.200000000000	10.214224621964
0.000050000000	0.250000000000	11.294224621964
0.000050000000	0.300000000000	12.614224621964
0.000050000000	0.350000000000	14.174224621964
0.000050000000	0.400000000000	15.974224621964
0.000050000000	0.450000000000	18.014224621964
0.000050000000	0.500000000000	20.294224621964
0.000060000000	-0.500000000000	24.708592752661
0.000060000000	-0.450000000000	22.428592752661
0.000060000000	-0.400000000000	20.388592752661
0.000060000000	-0.350000000000	18.588592752661
0.000060000000	-0.300000000000	17.028592752661
0.000060000000	-0.250000000000	15.708592752661
0.000060000000	-0.200000000000	14.628592752661
0.000060000000	-0.150000000000	13.788592752661
0.000060000000	-0.100000000000	13.188592752661
0.000060000000	-0.050000000000	12.828592752661
0.000060000000	0.000000000000	12.708592752661
0.000060000000	0.050000000000	12.828592752661
0.000060000000	0.100000000000	13.188592752661
0.000060000000	0.150000000000	13.788592752661
0.000060000000	0.200000000000	14.628592752661
0.000060000000	0.250000000000	15.708592752661
0.000060000000	0.300000000000	17.028592752661
0.000060000000	0.350000000000	18.588592752661
0.000060000000	0.400000000000	20.388592752661
0.000060000000	0.450000000000	22.428592752661
0.000060000000	0.500000000000	24.708592752661
0.000070000000	-0.500000000000	30.047058498158
0.000070000000	-0.450000000000	27.767058498158
0.000070000000	-0.400000000000	25.727058498158
0.000070000000	-0.350000000000	23.927058498158
0.000070000000	-0.300000000000	22.367058498158
0.000070000000	-0.250000000000	21.047058498158
0.000070000000	-0.200000000000	19.967058498158
0.000070000000	-0.150000000000	19.127058498158
0.000070000000	-0.100000000000	18.527058498158
0.000070000000	-0.050000000000	18.167058498158
0.000070000000	0.000000000000	18.047058498158
0.000070000000	0.050000000000	18.167058498158
0.000070000000	0.100000000000	18.527058498158
0.000070000000	0.150000000000	19.127058498158
0.000070000000	0.200000000000	19.967058498158
0.000070000000	0.250000000000	21.047058498158
0.000070000000	0.300000000000	22.367058498158
0.000070000000	0.350000000000	23.927058498158
0.000070000000	0.400000000000	25.727058498158
0.000070000000	0.450000000000	27.767058498158
0.000070000000	0.500000000000	30.047058498158
0.000080000000	-0.500000000000	36.299163970404
0.000080000000	-0.450000000000	34.019163970404
0.000080000000	-0.400000000000	31.979163970404
0.000080000000	-0.350000000000	30.179163970404
0.000080000000	-0.300000000000	28.619163970404
0.000080000000	-0.250000000000	27.299163970404
0.000080000000	-0.200000000000	26.219163970404
0.000080000000	-0.150000000000	25.379163970404
0.000080000000	-0.100000000000	24.779163970404
0.000080000000	-0.050000000000	24.419163970404
0.000080000000	0.000000000000	24.299163970404
0.000080000000	0.050000000000	24.419163970404
0.000080000000	0.100000000000	24.779163970404
0.000080000000	0.150000000000	25.379163970404
0.000080000000	0.200000000000	26.219163970404
0.000080000000	0.250000000000	27.299163970404
0.000080000000	0.300000000000	28.619163970404
0.000080000000	0.350000000000	30.179163970404
0.000080000000	0.400000000000	31.979163970404
0.000080000000	0.450000000000	34.019163970404
0.000080000000	0.500000000000	36.299163970404
0.000090000000	-0.500000000000	43.457129048328
0.000090000000	-0.450000000000	41.177129048328
0.000090000000	-0.400000000000	39.137129048328
0.000090000000	-0.350000000000	37.337129048328
0.000090000000	-0.300000000000	35.777129048328
0.000090000000	-0.250000000000	34.457129048328
0.000090000000	-0.200000000000	33.377129048328
0.000090000000	-0.150000000000	32.537129048328
0.000090000000	-0.100000000000	31.937129048328
0.000090000000	-0.050000000000	31.577129048328
0.000090000000	0.000000000000	31.457129048328
0.000090000000	0.050000000000	31.577129048328
0.000090000000	0.100000000000	31.937129048328
0.000090000000	0.150000000000	32.537129048328
0.000090000000	0.200000000000	33.377129048328
0.000090000000	0.250000000000	34.457129048328
0.000090000000	0.300000000000	35.777129048328
0.000090000000	0.350000000000	37.337129048328
0.000090000000	0.400000000000	39.137129048328
0.000090000000	0.450000000000	41.177129048328
0.000090000000	0.500000000000	43.457129048328
0.000100000000	-0.500000000000	51.515126544626
0.000100000000	-0.450000000000	49.235126544626
0.000100000000	-0.400000000000	47.195126544626
0.000100000000	-0.350000000000	45.395126544626
0.000100000000	-0.300000000000	43.835126544626
0.000100000000	-0.250000000000	42.515126544626
0.000100000000	-0.200000000000	41.435126544626
0.000100000000	-0.150000000000	40.595126544626
0.000100000000	-0.100000000000	39.995126544626
0.000100000000	-0.050000000000	39.635126544626
0.000100000000	0.000000000000	39.515126544626
0.000100000000	0.050000000000	39.635126544626
0.000100000000	0.100000000000	39.995126544626
0.000100000000	0.150000000000	40.595126544626
0.000100000000	0.200000000000	41.435126544626
0.000100000000	0.250000000000	42.515126544626
0.000100000000	0.300000000000	43.835126544626
0.000100000000	0.350000000000	45.395126544626
0.000100000000	0.400000000000	47.195126544626
0.000100000000	0.450000000000	49.235126544626
0.000100000000	0.500000000000	51.515126544626
