-0.000100000000	-0.500000000000	79.548524648288
-0.000100000000	-0.450000000000	61.833937583072
-0.000100000000	-0.400000000000	47.278256986542
-0.000100000000	-0.350000000000	35.468093393140
-0.000100000000	-0.300000000000	26.077473073840
-0.000100000000	-0.250000000000	18.844652815546
-0.000100000000	-0.200000000000	13.556176428463
-0.000100000000	-0.150000000000	10.035610278021
-0.000100000000	-0.100000000000	8.135396496371
-0.000100000000	-0.050000000000	7.730839647225
-0.000100000000	0.000000000000	8.715587778269
-0.000100000000	0.050000000000	10.998181994066
-0.000100000000	0.100000000000	14.499384160020
-0.000100000000	0.150000000000	19.150080630375
-0.000100000000	0.200000000000	24.889618728401
-0.000100000000	0.250000000000	31.664472716926
-0.000100000000	0.300000000000	39.427163706715
-0.000100000000	0.350000000000	48.135377461312
-0.000100000000	0.400000000000	57.751238004999
-0.000100000000	0.450000000000	68.240705050696
-0.000100000000	0.500000000000	79.573070687101
-0.000090000000	-0.500000000000	81.072178573059
-0.000090000000	-0.450000000000	62.718500328259
-0.000090000000	-0.400000000000	47.601446731941
-0.000090000000	-0.350000000000	35.293589345441
-0.000090000000	-0.300000000000	25.458226968184
-0.000090000000	-0.250000000000	17.825252286627
-0.000090000000	-0.200000000000	12.174574729367
-0.000090000000	-0.150000000000	8.324419772652
-0.000090000000	-0.100000000000	6.122874099015
-0.000090000000	-0.050000000000	5.441649866340
-0.000090000000	0.000000000000	6.171402069460
-0.000090000000	0.050000000000	8.218155556619
-0.000090000000	0.100000000000	11.500539570489
-0.000090000000	0.150000000000	15.947619687495
-0.000090000000	0.200000000000	21.497178298003
-0.000090000000	0.250000000000	28.094336405825
-0.000090000000	0.300000000000	35.690438342384
-0.000090000000	0.350000000000	44.242141269911
-0.000090000000	0.400000000000	53.710665836854
-0.000090000000	0.450000000000	64.061174845577
-0.000090000000	0.500000000000	75.262254494897
-0.000080000000	-0.500000000000	83.139353408667
-0.000080000000	-0.450000000000	64.140257004944
-0.000080000000	-0.400000000000	48.458709586093
-0.000080000000	-0.350000000000	35.652412604019
-0.000080000000	-0.300000000000	25.373331388035
-0.000080000000	-0.250000000000	17.342546167446
-0.000080000000	-0.200000000000	11.332996212261
-0.000080000000	-0.150000000000	7.157312087911
-0.000080000000	-0.100000000000	4.659031236280
-0.000080000000	-0.050000000000	3.706124548363
-0.000080000000	0.000000000000	4.186138988646
-0.000080000000	0.050000000000	6.002493970245
-0.000080000000	0.100000000000	9.071616743338
-0.000080000000	0.150000000000	13.320698060038
-0.000080000000	0.200000000000	18.685913262127
-0.000080000000	0.250000000000	25.110997321280
-0.000080000000	0.300000000000	32.546092368579
-0.000080000000	0.350000000000	40.946807354234
-0.000080000000	0.400000000000	50.273444548334
-0.000080000000	0.450000000000	60.490358505453
-0.000080000000	0.500000000000	71.565421119062
-0.000070000000	-0.500000000000	85.628227501113
-0.000070000000	-0.450000000000	65.985129947250
-0.000070000000	-0.400000000000	49.743176481064
-0.000070000000	-0.350000000000	36.444365939895
-0.000070000000	-0.300000000000	25.728744401384
-0.000070000000	-0.250000000000	17.308162237176
-0.000070000000	-0.200000000000	10.948288266965
-0.000070000000	-0.150000000000	6.455940613570
-0.000070000000	-0.100000000000	3.669949230361
-0.000070000000	-0.050000000000	2.454428452648
-0.000070000000	0.000000000000	2.693733360043
-0.000070000000	0.050000000000	4.288617265572
-0.000070000000	0.100000000000	7.153261984022
-0.000070000000	0.150000000000	11.212952858221
-0.000070000000	0.200000000000	16.402237233518
-0.000070000000	0.250000000000	22.663450342502
-0.000070000000	0.300000000000	29.945523854485
-0.000070000000	0.350000000000	38.203014338268
-0.000070000000	0.400000000000	47.395304582482
-0.000070000000	0.450000000000	57.485942076304
-0.000070000000	0.500000000000	68.442087279242
-0.000060000000	-0.500000000000	88.391971953632
-0.000060000000	-0.450000000000	68.117797938770
-0.000060000000	-0.400000000000	51.329870855684
-0.000060000000	-0.350000000000	37.553769145439
-0.000060000000	-0.300000000000	26.417147484893
-0.000060000000	-0.250000000000	17.622314950103
-0.000060000000	-0.200000000000	10.927465393206
-0.000060000000	-0.150000000000	6.133472050970
-0.000060000000	-0.100000000000	3.074374009838
-0.000060000000	-0.050000000000	1.610379296202
-0.000060000000	0.000000000000	1.622624473285
-0.000060000000	0.050000000000	3.009186016488
-0.000060000000	0.100000000000	5.682000440836
-0.000060000000	0.150000000000	9.564455174680
-0.000060000000	0.200000000000	14.589481947745
-0.000060000000	0.250000000000	20.698031773474
-0.000060000000	0.300000000000	27.837843282869
-0.000060000000	0.350000000000	35.962439117303
-0.000060000000	0.400000000000	45.030301454197
-0.000060000000	0.450000000000	55.004189575160
-0.000060000000	0.500000000000	65.850571055992
-0.000050000000	-0.500000000000	91.258004578579
-0.000050000000	-0.450000000000	70.381862625487
-0.000050000000	-0.400000000000	53.076495350544
-0.000050000000	-0.350000000000	38.850661280527
-0.000050000000	-0.300000000000	27.319419015315
-0.000050000000	-0.250000000000	18.175448043936
-0.000050000000	-0.200000000000	11.169448510336
-0.000050000000	-0.150000000000	6.096371111931
-0.000050000000	-0.100000000000	2.785509979363
-0.000050000000	-0.050000000000	1.093225434323
-0.000050000000	0.000000000000	0.897500062459
-0.000050000000	0.050000000000	2.093799794010
-0.000050000000	0.100000000000	4.591881341250
-0.000050000000	0.150000000000	8.313297410497
-0.000050000000	0.200000000000	13.189424159433
-0.000050000000	0.250000000000	19.159884857037
-0.000050000000	0.300000000000	26.171277850593
-0.000050000000	0.350000000000	34.176140905046
-0.000050000000	0.400000000000	43.132101052282
-0.000050000000	0.450000000000	53.001171423618
-0.000050000000	0.500000000000	63.749165567642
-0.000040000000	-0.500000000000	94.030809276288
-0.000040000000	-0.450000000000	72.603214007994
-0.000040000000	-0.400000000000	54.827059742352
-0.000040000000	-0.350000000000	40.194512542292
-0.000040000000	-0.300000000000	28.308318652549
-0.000040000000	-0.250000000000	18.851823238197
-0.000040000000	-0.200000000000	11.568517811836
-0.000040000000	-0.150000000000	6.247695614158
-0.000040000000	-0.100000000000	2.714147295744
-0.000040000000	-0.050000000000	0.820602906571
-0.000040000000	0.000000000000	0.442085573459
-0.000040000000	0.050000000000	1.471624113679
-0.000040000000	0.100000000000	3.816949848268
-0.000040000000	0.150000000000	7.397918216596
-0.000040000000	0.200000000000	12.144472247279
-0.000040000000	0.250000000000	17.995016668533
-0.000040000000	0.300000000000	24.895107094080
-0.000040000000	0.350000000000	32.796383711023
-0.000040000000	0.400000000000	41.655696683416
-0.000040000000	0.450000000000	51.434383324927
-0.000040000000	0.500000000000	62.097666482830
-0.000030000000	-0.500000000000	96.500543451417
-0.000030000000	-0.450000000000	74.598249223550
-0.000030000000	-0.400000000000	56.419583402717
-0.000030000000	-0.350000000000	41.441366412773
-0.000030000000	-0.300000000000	29.255070151132
-0.000030000000	-0.250000000000	19.535567993605
-0.000030000000	-0.200000000000	12.019860878301
-0.000030000000	-0.150000000000	6.492184630018
-0.000030000000	-0.100000000000	2.773330221656
-0.000030000000	-0.050000000000	0.712822624912
-0.000030000000	0.000000000000	0.183086269320
-0.000030000000	0.050000000000	1.075020573697
-0.000030000000	0.100000000000	3.294595292030
-0.000030000000	0.150000000000	6.760195918945
-0.000030000000	0.200000000000	11.400529160635
-0.000030000000	0.250000000000	17.152952368963
-0.000030000000	0.300000000000	23.962127933161
-0.000030000000	0.350000000000	31.778929594382
-0.000030000000	0.400000000000	40.559546112568
-0.000030000000	0.450000000000	50.264741029042
-0.000030000000	0.500000000000	60.859236994034
-0.000020000000	-0.500000000000	98.459475726130
-0.000020000000	-0.450000000000	76.188283010727
-0.000020000000	-0.400000000000	57.698739307213
-0.000020000000	-0.350000000000	42.454961305796
-0.000020000000	-0.300000000000	30.039176618029
-0.000020000000	-0.250000000000	20.119370427595
-0.000020000000	-0.200000000000	12.427305440980
-0.000020000000	-0.150000000000	6.743162815324
-0.000020000000	-0.100000000000	2.884545841499
-0.000020000000	-0.050000000000	0.698438716634
-0.000020000000	0.000000000000	0.055215752355
-0.000020000000	0.050000000000	0.844103873962
-0.000020000000	0.100000000000	2.969694815886
-0.000020000000	0.150000000000	6.349228428178
-0.000020000000	0.200000000000	10.910451131896
-0.000020000000	0.250000000000	16.589909311924
-0.000020000000	0.300000000000	23.331575764270
-0.000020000000	0.350000000000	31.085734116992
-0.000020000000	0.400000000000	39.808065178586
-0.000020000000	0.450000000000	49.458892879119
-0.000020000000	0.500000000000	60.002557476159
-0.000010000000	-0.500000000000	99.726524213924
-0.000010000000	-0.450000000000	77.219945248788
-0.000010000000	-0.400000000000	58.532982970256
-0.000010000000	-0.350000000000	43.121250823086
-0.000010000000	-0.300000000000	30.560836540637
-0.000010000000	-0.250000000000	20.515180896305
-0.000010000000	-0.200000000000	12.712610941726
-0.000010000000	-0.150000000000	6.930662175542
-0.000010000000	-0.100000000000	2.984867472495
-0.000010000000	-0.050000000000	0.720567553331
-0.000010000000	0.000000000000	0.006815526495
-0.000010000000	0.050000000000	0.731764076307
-0.000010000000	0.100000000000	2.799122525485
-0.000010000000	0.150000000000	6.125399148513
-0.000010000000	0.200000000000	10.637728715969
-0.000010000000	0.250000000000	16.272142279151
-0.000010000000	0.300000000000	22.972175375272
-0.000010000000	0.350000000000	30.687738201234
-0.000010000000	0.400000000000	39.374190725006
-0.000010000000	0.450000000000	48.991579683100
-0.000010000000	0.500000000000	59.504004608074
0.000000000000	-0.500000000000	100.171313311207
0.000000000000	-0.450000000000	77.583386865213
0.000000000000	-0.400000000000	58.828378709743
0.000000000000	-0.350000000000	43.358886073809
0.000000000000	-0.300000000000	30.748828366831
0.000000000000	-0.250000000000	20.660047539554
0.000000000000	-0.200000000000	12.819665863188
0.000000000000	-0.150000000000	7.004293745583
0.000000000000	-0.100000000000	3.028741947235
0.000000000000	-0.050000000000	0.737779274823
0.000000000000	0.000000000000	0.000000000000
0.000000000000	0.050000000000	0.703184416516
0.000000000000	0.100000000000	2.750736459629
0.000000000000	0.150000000000	6.058911598239
0.000000000000	0.200000000000	10.554633529047
0.000000000000	0.250000000000	16.173755691264
0.000000000000	0.300000000000	22.859663093550
0.000000000000	0.350000000000	30.562137514933
0.000000000000	0.400000000000	39.236428700203
0.000000000000	0.450000000000	48.842488245223
0.000000000000	0.500000000000	59.344333129937
0.000010000000	-0.500000000000	99.731824508618
0.000010000000	-0.450000000000	77.224277521764
0.000010000000	-0.400000000000	58.536504449127
0.000010000000	-0.350000000000	43.124083305412
0.000010000000	-0.300000000000	30.563076295735
0.000010000000	-0.250000000000	20.516905333730
0.000010000000	-0.200000000000	12.713883235750
0.000010000000	-0.150000000000	6.931534554044
0.000010000000	-0.100000000000	2.985383607876
0.000010000000	-0.050000000000	0.720764334437
0.000010000000	0.000000000000	0.006724394386
0.000010000000	0.050000000000	0.731412046654
0.000010000000	0.100000000000	2.798532981879
0.000010000000	0.150000000000	6.124592465620
0.000010000000	0.200000000000	10.636722754547
0.000010000000	0.250000000000	16.270952783285
0.000010000000	0.300000000000	22.970816294126
0.000010000000	0.350000000000	30.686221951911
0.000010000000	0.400000000000	39.372528408983
0.000010000000	0.450000000000	48.989781265747
0.000010000000	0.500000000000	59.502079068569
0.000020000000	-0.500000000000	98.469442462401
0.000020000000	-0.450000000000	76.196410166477
0.000020000000	-0.400000000000	57.705319157394
0.000020000000	-0.350000000000	42.460221580221
0.000020000000	-0.300000000000	30.043298207221
0.000020000000	-0.250000000000	20.122499405993
0.000020000000	-0.200000000000	12.429561464407
0.000020000000	-0.150000000000	6.744645130303
0.000020000000	-0.100000000000	2.885337677670
0.000020000000	-0.050000000000	0.698610557716
0.000020000000	0.000000000000	0.054827812584
0.000020000000	0.050000000000	0.843208000905
0.000020000000	0.100000000000	2.968335972006
0.000020000000	0.150000000000	6.347445858334
0.000020000000	0.200000000000	10.908279293429
0.000020000000	0.250000000000	16.587378622994
0.000020000000	0.300000000000	23.328713211468
0.000020000000	0.350000000000	31.082563752833
0.000020000000	0.400000000000	39.804608531995
0.000020000000	0.450000000000	49.455169296554
0.000020000000	0.500000000000	59.998584406976
0.000030000000	-0.500000000000	96.514138800787
0.000030000000	-0.450000000000	74.609298563540
0.000030000000	-0.400000000000	56.428477655451
0.000030000000	-0.350000000000	41.448412809299
0.000030000000	-0.300000000000	29.260514546518
0.000030000000	-0.250000000000	19.539610204801
0.000030000000	-0.200000000000	12.022665509958
0.000030000000	-0.150000000000	6.493888893317
0.000030000000	-0.100000000000	2.774049696100
0.000030000000	-0.050000000000	0.712655580301
0.000030000000	0.000000000000	0.182116959260
0.000030000000	0.050000000000	1.073321781088
0.000030000000	0.100000000000	3.292230321613
0.000030000000	0.150000000000	6.757220175066
0.000030000000	0.200000000000	11.396991409742
0.000030000000	0.250000000000	17.148895759538
0.000030000000	0.300000000000	23.957590826954
0.000030000000	0.350000000000	31.773946249362
0.000030000000	0.400000000000	40.554147248235
0.000030000000	0.450000000000	50.258954297626
0.000030000000	0.500000000000	60.853087375767
0.000040000000	-0.500000000000	94.046716542239
0.000040000000	-0.450000000000	72.616063368386
0.000040000000	-0.400000000000	54.837300687041
0.000040000000	-0.350000000000	40.202502028195
0.000040000000	-0.300000000000	28.314344917102
0.000040000000	-0.250000000000	18.856122403482
0.000040000000	-0.200000000000	11.571285752467
0.000040000000	-0.150000000000	6.249096624617
0.000040000000	-0.100000000000	2.714320541051
0.000040000000	-0.050000000000	0.819667304196
0.000040000000	0.000000000000	0.440143543472
0.000040000000	0.050000000000	1.468764498312
0.000040000000	0.100000000000	3.813250212454
0.000040000000	0.150000000000	7.393446680697
0.000040000000	0.200000000000	12.139288961772
0.000040000000	0.250000000000	17.989175011492
0.000040000000	0.300000000000	24.888654651755
0.000040000000	0.350000000000	32.789363087037
0.000040000000	0.400000000000	41.648146171335
0.000040000000	0.450000000000	51.426337470992
0.000040000000	0.500000000000	62.089156559709
0.000050000000	-0.500000000000	91.274806896895
0.000050000000	-0.450000000000	70.395284829159
0.000050000000	-0.400000000000	53.087009895396
0.000050000000	-0.350000000000	38.858647607720
0.000050000000	-0.300000000000	27.325186554143
0.000050000000	-0.250000000000	18.179252495127
0.000050000000	-0.200000000000	11.171503641870
0.000050000000	-0.150000000000	6.096857477649
0.000050000000	-0.100000000000	2.784581478162
0.000050000000	-0.050000000000	1.091014322797
0.000050000000	0.000000000000	0.894120839749
0.000050000000	0.050000000000	2.089352250775
0.000050000000	0.100000000000	4.586452980043
0.000050000000	0.150000000000	8.306965387149
0.000050000000	0.200000000000	13.182256855025
0.000050000000	0.250000000000	19.151943161845
0.000050000000	0.300000000000	26.162616221161
0.000050000000	0.350000000000	34.166808240925
0.000050000000	0.400000000000	43.122141428168
0.000050000000	0.450000000000	52.990624704625
0.000050000000	0.500000000000	63.738067929426
0.000060000000	-0.500000000000	88.408291556221
0.000060000000	-0.450000000000	68.130578563177
0.000060000000	-0.400000000000	51.339580810915
0.000060000000	-0.350000000000	37.560788844101
0.000060000000	-0.300000000000	26.421790288094
0.000060000000	-0.250000000000	17.624842143904
0.000060000000	-0.200000000000	10.928097183321
0.000060000000	-0.150000000000	6.132395787662
0.000060000000	-0.100000000000	3.071750443650
0.000060000000	-0.050000000000	1.606347406572
0.000060000000	0.000000000000	1.617305245060
0.000060000000	0.050000000000	3.002685428829
0.000060000000	0.100000000000	5.674411858351
0.000060000000	0.150000000000	9.555861279117
0.000060000000	0.200000000000	14.579956312556
0.000060000000	0.250000000000	20.687640157843
0.000060000000	0.300000000000	27.826644703263
0.000060000000	0.350000000000	35.950486741019
0.000060000000	0.400000000000	45.017643349326
0.000060000000	0.450000000000	54.990869343834
0.000060000000	0.500000000000	65.836628372114
0.000070000000	-0.500000000000	85.642812542716
0.000070000000	-0.450000000000	65.996145369524
0.000070000000	-0.400000000000	49.751068372722
0.000070000000	-0.350000000000	36.449500674216
0.000070000000	-0.300000000000	25.731426759593
0.000070000000	-0.250000000000	17.308648611989
0.000070000000	-0.200000000000	10.946796478941
0.000070000000	-0.150000000000	6.452657339611
0.000070000000	-0.100000000000	3.665035713671
0.000070000000	-0.050000000000	2.448024953065
0.000070000000	0.000000000000	2.685962666011
0.000070000000	0.050000000000	4.279587496833
0.000070000000	0.100000000000	7.143068851091
0.000070000000	0.150000000000	11.201681500867
0.000070000000	0.200000000000	16.389963729404
0.000070000000	0.250000000000	22.650242954820
0.000070000000	0.300000000000	29.931444071174
0.000070000000	0.350000000000	38.188117743396
0.000070000000	0.400000000000	47.379641591403
0.000070000000	0.450000000000	57.469558559466
0.000070000000	0.500000000000	68.425025094339
0.000080000000	-0.500000000000	83.151119330671
0.000080000000	-0.450000000000	64.148515883195
0.000080000000	-0.400000000000	48.463874878999
0.000080000000	-0.350000000000	35.654827422473
0.000080000000	-0.300000000000	25.373283841857
0.000080000000	-0.250000000000	17.340280688505
0.000080000000	-0.200000000000	11.328722071180
0.000080000000	-0.150000000000	7.151209908324
0.000080000000	-0.100000000000	4.651258051739
0.000080000000	-0.050000000000	3.696817779918
0.000080000000	0.000000000000	4.175419610557
0.000080000000	0.050000000000	5.990469056453
0.000080000000	0.100000000000	9.058381535653
0.000080000000	0.150000000000	13.306337662683
0.000080000000	0.200000000000	18.670504041351
0.000080000000	0.250000000000	25.094608069947
0.000080000000	0.300000000000	32.528785281820
0.000080000000	0.350000000000	40.928638851998
0.000080000000	0.400000000000	50.254465972933
0.000080000000	0.450000000000	60.470616716350
0.000080000000	0.500000000000	71.544959002613
0.000090000000	-0.500000000000	81.080217457117
0.000090000000	-0.450000000000	62.723157736201
0.000090000000	-0.400000000000	47.603098741487
0.000090000000	-0.350000000000	35.292551055972
0.000090000000	-0.300000000000	25.454765284927
0.000090000000	-0.250000000000	17.819595461799
0.000090000000	-0.200000000000	12.166919614533
0.000090000000	-0.150000000000	8.314937420241
0.000090000000	-0.100000000000	6.111714150259
0.000090000000	-0.050000000000	5.428944031938
0.000090000000	0.000000000000	6.157266921778
0.000090000000	0.050000000000	8.202694792413
0.000090000000	0.100000000000	11.483845861466
0.000090000000	0.150000000000	15.929776206531
0.000090000000	0.200000000000	21.478259987544
0.000090000000	0.250000000000	28.074411039476
0.000090000000	0.300000000000	35.669567419214
0.000090000000	0.350000000000	44.220380772382
0.000090000000	0.400000000000	53.688066876783
0.000090000000	0.450000000000	64.037784217540
0.000090000000	0.500000000000	75.238115152656
0.000100000000	-0.500000000000	79.552095478181
0.000100000000	-0.450000000000	61.834291626250
0.000100000000	-0.400000000000	47.275731957076
0.000100000000	-0.350000000000	35.462974753567
0.000100000000	-0.300000000000	26.070004580442
0.000100000000	-0.250000000000	18.835044471010
0.000100000000	-0.200000000000	13.544610584934
0.000100000000	-0.150000000000	10.022246392886
0.000100000000	-0.100000000000	8.120374888554
0.000100000000	-0.050000000000	7.714284499922
0.000100000000	0.000000000000	8.697609565262
0.000100000000	0.050000000000	10.978879459420
0.000100000000	0.100000000000	14.478845947641
0.000100000000	0.150000000000	19.128386636170
0.000100000000	0.200000000000	24.866841230530
0.000100000000	0.250000000000	31.640677326977
0.000100000000	0.300000000000	39.402410175167
0.000100000000	0.350000000000	48.109720363575
0.000100000000	0.400000000000	57.724727328869
0.000100000000	0.450000000000	68.213386701913
0.000100000000	0.500000000000	79.544986926472
