-0.000200000000	-0.500000000000	135262.409272866702
-0.000200000000	-0.450000000000	103522.896150920962
-0.000200000000	-0.400000000000	77597.157462993637
-0.000200000000	-0.350000000000	56553.761912862210
-0.000200000000	-0.300000000000	39668.618402248809
-0.000200000000	-0.250000000000	26367.664645259603
-0.000200000000	-0.200000000000	16188.084212819247
-0.000200000000	-0.150000000000	8751.298349208037
-0.000200000000	-0.100000000000	3743.687160810078
-0.000200000000	-0.050000000000	902.528828403424
-0.000200000000	0.000000000000	5.548744302800
-0.000200000000	0.050000000000	863.020521347047
-0.000200000000	0.100000000000	3311.705827985451
-0.000200000000	0.150000000000	7210.142143071627
-0.000200000000	0.200000000000	12434.933931214558
-0.000200000000	0.250000000000	18877.801277344421
-0.000200000000	0.300000000000	26443.207606158703
-0.000200000000	0.350000000000	35046.435273251169
-0.000200000000	0.400000000000	44612.011242578788
-0.000200000000	0.450000000000	55072.409100935496
-0.000200000000	0.500000000000	66366.971172380974
-0.000180000000	-0.500000000000	135295.387529695552
-0.000180000000	-0.450000000000	103549.845137495780
-0.000180000000	-0.400000000000	77619.048731943185
-0.000180000000	-0.350000000000	56571.343015274106
-0.000180000000	-0.300000000000	39682.476834340086
-0.000180000000	-0.250000000000	26378.270496200596
-0.000180000000	-0.200000000000	16195.819494908945
-0.000180000000	-0.150000000000	8756.477707497248
-0.000180000000	-0.100000000000	3746.572833811552
-0.000180000000	-0.050000000000	903.341674211456
-0.000180000000	0.000000000000	4.476511805257
-0.000180000000	0.050000000000	860.224153204702
-0.000180000000	0.100000000000	3307.324331882826
-0.000180000000	0.150000000000	7204.296404542247
-0.000180000000	0.200000000000	12427.729732517228
-0.000180000000	0.250000000000	18869.331712848700
-0.000180000000	0.300000000000	26433.555033443612
-0.000180000000	0.350000000000	35035.672903046740
-0.000180000000	0.400000000000	44600.204444909177
-0.000180000000	0.450000000000	55059.616486156221
-0.000180000000	0.500000000000	66353.245492114089
-0.000160000000	-0.500000000000	135324.909469336126
-0.000160000000	-0.450000000000	103573.969969469632
-0.000160000000	-0.400000000000	77638.646324506801
-0.000160000000	-0.350000000000	56587.082643685528
-0.000160000000	-0.300000000000	39694.884454491716
-0.000160000000	-0.250000000000	26387.766939055458
-0.000160000000	-0.200000000000	16202.746732218802
-0.000160000000	-0.150000000000	8761.117396600877
-0.000160000000	-0.100000000000	3749.159713802856
-0.000160000000	-0.050000000000	904.073438552931
-0.000160000000	0.000000000000	3.521213953662
-0.000160000000	0.050000000000	857.725849786046
-0.000160000000	0.100000000000	3303.407443878136
-0.000160000000	0.150000000000	7199.069130779048
-0.000160000000	0.200000000000	12421.286752297190
-0.000160000000	0.250000000000	18861.756348253773
-0.000160000000	0.300000000000	26424.920995965320
-0.000160000000	0.350000000000	35026.045716879031
-0.000160000000	0.400000000000	44589.642616167286
-0.000160000000	0.450000000000	55048.172470571983
-0.000160000000	0.500000000000	66340.966501499584
-0.000140000000	-0.500000000000	135350.970487950108
-0.000140000000	-0.450000000000	103595.266832751673
-0.000140000000	-0.400000000000	77655.947028921553
-0.000140000000	-0.350000000000	56600.978056337321
-0.000140000000	-0.300000000000	39705.838894845125
-0.000140000000	-0.250000000000	26396.151908373235
-0.000140000000	-0.200000000000	16208.864107410724
-0.000140000000	-0.150000000000	8765.215805312508
-0.000140000000	-0.100000000000	3751.446362733581
-0.000140000000	-0.050000000000	904.722830267347
-0.000140000000	0.000000000000	2.681685294524
-0.000140000000	0.050000000000	855.524554069156
-0.000140000000	0.100000000000	3299.954201150320
-0.000140000000	0.150000000000	7194.459441332123
-0.000140000000	0.200000000000	12415.604182559389
-0.000140000000	0.250000000000	18855.074439644115
-0.000140000000	0.300000000000	26417.304806764812
-0.000140000000	0.350000000000	35017.553078647841
-0.000140000000	0.400000000000	44580.325165861461
-0.000140000000	0.450000000000	55038.076504753873
-0.000140000000	0.500000000000	66330.133688215123
-0.000120000000	-0.500000000000	135373.566552150354
-0.000120000000	-0.450000000000	103613.732391793921
-0.000120000000	-0.400000000000	77670.948041805881
-0.000120000000	-0.350000000000	56613.026865060885
-0.000120000000	-0.300000000000	39715.338097515829
-0.000120000000	-0.250000000000	26403.423613380728
-0.000120000000	-0.200000000000	16214.170048850738
-0.000120000000	-0.150000000000	8768.771544048417
-0.000120000000	-0.100000000000	3753.431543938935
-0.000120000000	-0.050000000000	905.288742406791
-0.000120000000	0.000000000000	1.956929885637
-0.000120000000	0.050000000000	853.619365859164
-0.000120000000	0.100000000000	3296.963786683144
-0.000120000000	0.150000000000	7190.466591915727
-0.000120000000	0.200000000000	12410.681342991360
-0.000120000000	0.250000000000	18849.285363284376
-0.000120000000	0.300000000000	26410.705892393122
-0.000120000000	0.350000000000	35010.194459806487
-0.000120000000	0.400000000000	44572.251605710997
-0.000120000000	0.450000000000	55029.328136673066
-0.000120000000	0.500000000000	66320.746632990529
-0.000100000000	-0.500000000000	135392.694219363242
-0.000100000000	-0.450000000000	103629.363809585411
-0.000100000000	-0.400000000000	77683.646987896194
-0.000100000000	-0.350000000000	56623.227054830670
-0.000100000000	-0.300000000000	39723.380334010501
-0.000100000000	-0.250000000000	26409.580557296780
-0.000100000000	-0.200000000000	16218.663249844665
-0.000100000000	-0.150000000000	8771.783464021231
-0.000100000000	-0.100000000000	3755.114241264782
-0.000100000000	-0.050000000000	905.770271321638
-0.000100000000	0.000000000000	1.346140350174
-0.000100000000	0.050000000000	852.009560816059
-0.000100000000	0.100000000000	3294.435548271032
-0.000100000000	0.150000000000	7187.089993396425
-0.000100000000	0.200000000000	12406.517699936074
-0.000100000000	0.250000000000	18844.388634578747
-0.000100000000	0.300000000000	26405.123811860150
-0.000100000000	0.350000000000	35003.969458300766
-0.000100000000	0.400000000000	44565.421568576814
-0.000100000000	0.450000000000	55021.927030624393
-0.000100000000	0.500000000000	66312.805028525079
-0.000080000000	-0.500000000000	135408.350678555609
-0.000080000000	-0.450000000000	103642.158788059998
-0.000080000000	-0.400000000000	77694.041960233037
-0.000080000000	-0.350000000000	56631.577023790072
-0.000080000000	-0.300000000000	39729.964245134564
-0.000080000000	-0.250000000000	26414.621577151069
-0.000080000000	-0.200000000000	16222.342708388473
-0.000080000000	-0.150000000000	8774.250696937239
-0.000080000000	-0.100000000000	3756.493698722460
-0.000080000000	-0.050000000000	906.166756281410
-0.000080000000	0.000000000000	0.848737469981
-0.000080000000	0.050000000000	850.694630025297
-0.000080000000	0.100000000000	3292.369038071010
-0.000080000000	0.150000000000	7184.329251329103
-0.000080000000	0.200000000000	12403.112905914473
-0.000080000000	0.250000000000	18840.383947582632
-0.000080000000	0.300000000000	26400.558296136434
-0.000080000000	0.350000000000	34998.877838062479
-0.000080000000	0.400000000000	44559.834847947604
-0.000080000000	0.450000000000	55015.873006706221
-0.000080000000	0.500000000000	66306.308718962158
-0.000060000000	-0.500000000000	135420.533845335536
-0.000060000000	-0.450000000000	103652.115662925382
-0.000060000000	-0.400000000000	77702.131614800397
-0.000060000000	-0.350000000000	56638.075677755303
-0.000060000000	-0.300000000000	39735.088935395986
-0.000060000000	-0.250000000000	26418.545938112751
-0.000060000000	-0.200000000000	16225.207821438835
-0.000060000000	-0.150000000000	8776.172749221640
-0.000060000000	-0.100000000000	3757.569514678330
-0.000060000000	-0.050000000000	906.477873635605
-0.000060000000	0.000000000000	0.464464322765
-0.000060000000	0.050000000000	849.674374115806
-0.000060000000	0.100000000000	3290.764106704786
-0.000060000000	0.150000000000	7182.184260045699
-0.000060000000	0.200000000000	12400.466893703337
-0.000060000000	0.250000000000	18837.271269070876
-0.000060000000	0.300000000000	26397.009342213136
-0.000060000000	0.350000000000	34994.919623062451
-0.000060000000	0.400000000000	44555.491491987210
-0.000060000000	0.450000000000	55011.166134862549
-0.000060000000	0.500000000000	66301.257793926445
-0.000040000000	-0.500000000000	135429.242633662099
-0.000040000000	-0.450000000000	103659.233675150521
-0.000040000000	-0.400000000000	77707.915441858393
-0.000040000000	-0.350000000000	56642.722701436440
-0.000040000000	-0.300000000000	39738.754244144366
-0.000040000000	-0.250000000000	26421.353604567201
-0.000040000000	-0.200000000000	16227.258655942773
-0.000040000000	-0.150000000000	8777.549773011098
-0.000040000000	-0.100000000000	3758.341912816786
-0.000040000000	-0.050000000000	906.703907752907
-0.000040000000	0.000000000000	0.193657202304
-0.000040000000	0.050000000000	848.949174164484
-0.000040000000	0.100000000000	3289.621174150082
-0.000040000000	0.150000000000	7180.655473535647
-0.000040000000	0.200000000000	12398.580147206201
-0.000040000000	0.250000000000	18835.051109400694
-0.000040000000	0.300000000000	26394.477483958508
-0.000040000000	0.350000000000	34992.095368161288
-0.000040000000	0.400000000000	44552.392074379961
-0.000040000000	0.450000000000	55007.807005724215
-0.000040000000	0.500000000000	66297.652859361406
-0.000020000000	-0.500000000000	135434.477974607522
-0.000020000000	-0.450000000000	103663.513989554835
-0.000020000000	-0.400000000000	77711.394784411532
-0.000020000000	-0.350000000000	56645.519576819141
-0.000020000000	-0.300000000000	39740.961763888939
-0.000020000000	-0.250000000000	26423.046258386421
-0.000020000000	-0.200000000000	16228.496967070814
-0.000020000000	-0.150000000000	8778.383584357911
-0.000020000000	-0.100000000000	3758.812760321737
-0.000020000000	-0.050000000000	906.846769184548
-0.000020000000	0.000000000000	0.038263766850
-0.000020000000	0.050000000000	848.521009832328
-0.000020000000	0.100000000000	3288.942247866716
-0.000020000000	0.150000000000	7179.744923563521
-0.000020000000	0.200000000000	12397.454719564039
-0.000020000000	0.250000000000	18833.725540616582
-0.000020000000	0.300000000000	26392.964810217512
-0.000020000000	0.350000000000	34990.407177204484
-0.000020000000	0.400000000000	44550.538712422123
-0.000020000000	0.450000000000	55005.797748696677
-0.000020000000	0.500000000000	66295.496055614363
0.000000000000	-0.500000000000	135436.240973762062
0.000000000000	-0.450000000000	103664.957852087362
0.000000000000	-0.400000000000	77712.570995401562
0.000000000000	-0.350000000000	56646.467740295251
0.000000000000	-0.300000000000	39741.712997382601
0.000000000000	-0.250000000000	26423.625455978086
0.000000000000	-0.200000000000	16228.924355239480
0.000000000000	-0.150000000000	8778.675820231894
0.000000000000	-0.100000000000	3758.983724861756
0.000000000000	-0.050000000000	906.908151636003
0.000000000000	0.000000000000	0.000000000000
0.000000000000	0.050000000000	848.391616316366
0.000000000000	0.100000000000	3288.729079741124
0.000000000000	0.150000000000	7179.454376607291
0.000000000000	0.200000000000	12397.092390088270
0.000000000000	0.250000000000	18833.296353378577
0.000000000000	0.300000000000	26392.473121736188
0.000000000000	0.350000000000	34989.856859943611
0.000000000000	0.400000000000	44549.933223940534
0.000000000000	0.450000000000	55005.140188876307
0.000000000000	0.500000000000	66294.789214350370
0.000020000000	-0.500000000000	135434.490637023700
0.000020000000	-0.450000000000	103663.524315544404
0.000020000000	-0.400000000000	77711.403163373194
0.000020000000	-0.350000000000	56645.526308291417
0.000020000000	-0.300000000000	39740.967083224394
0.000020000000	-0.250000000000	26423.050353867715
0.000020000000	-0.200000000000	16228.499991677985
0.000020000000	-0.150000000000	8778.385664074818
0.000020000000	-0.100000000000	3758.814000135143
0.000020000000	-0.050000000000	906.847257504488
0.000020000000	0.000000000000	0.038075741975
0.000020000000	0.050000000000	848.520209875910
0.000020000000	0.100000000000	3288.940891608409
0.000020000000	0.150000000000	7179.743059377041
0.000020000000	0.200000000000	12397.452389776408
0.000020000000	0.250000000000	18833.722782475626
0.000020000000	0.300000000000	26392.961656673237
0.000020000000	0.350000000000	34990.403657545852
0.000020000000	0.400000000000	44550.534852800003
0.000020000000	0.450000000000	55005.793572556664
0.000020000000	0.500000000000	66295.491584057498
0.000040000000	-0.500000000000	135429.267913490417
0.000040000000	-0.450000000000	103659.254282433889
0.000040000000	-0.400000000000	77707.932155320348
0.000040000000	-0.350000000000	56642.736120102381
0.000040000000	-0.300000000000	39738.764838681906
0.000040000000	-0.250000000000	26421.361751513698
0.000040000000	-0.200000000000	16227.264661237117
0.000040000000	-0.150000000000	8777.553888604622
0.000040000000	-0.100000000000	3758.344348670157
0.000040000000	-0.050000000000	906.704840676035
0.000040000000	0.000000000000	0.193237484280
0.000040000000	0.050000000000	848.947530625073
0.000040000000	0.100000000000	3289.618418043161
0.000040000000	0.150000000000	7180.651701603985
0.000040000000	0.200000000000	12398.575444100037
0.000040000000	0.250000000000	18835.045549612438
0.000040000000	0.300000000000	26394.471133385458
0.000040000000	0.350000000000	34992.088285378937
0.000040000000	0.400000000000	44552.384311688016
0.000040000000	0.450000000000	55007.798610012163
0.000040000000	0.500000000000	66297.643872829853
0.000060000000	-0.500000000000	135420.571746846428
0.000060000000	-0.450000000000	103652.146556389198
0.000060000000	-0.400000000000	77702.156668118827
0.000060000000	-0.350000000000	56638.095789336898
0.000060000000	-0.300000000000	39735.104811148150
0.000060000000	-0.250000000000	26418.558142771704
0.000060000000	-0.200000000000	16225.216813859948
0.000060000000	-0.150000000000	8776.178907291045
0.000060000000	-0.100000000000	3757.573153304870
0.000060000000	-0.050000000000	906.479258008588
0.000060000000	0.000000000000	0.463819855276
0.000060000000	0.050000000000	849.671894020682
0.000060000000	0.100000000000	3290.759957849014
0.000060000000	0.150000000000	7182.178587532024
0.000060000000	0.200000000000	12400.459824497477
0.000060000000	0.250000000000	18837.262914903338
0.000060000000	0.300000000000	26396.999801922990
0.000060000000	0.350000000000	34994.908984507048
0.000060000000	0.400000000000	44555.479833611003
0.000060000000	0.450000000000	55011.153526995462
0.000060000000	0.500000000000	66301.244299865488
0.000080000000	-0.500000000000	135408.401198903332
0.000080000000	-0.450000000000	103642.199965783322
0.000080000000	-0.400000000000	77694.075352191358
0.000080000000	-0.350000000000	56631.603827619634
0.000080000000	-0.300000000000	39729.985401869839
0.000080000000	-0.250000000000	26414.637839643321
0.000080000000	-0.200000000000	16222.354688345897
0.000080000000	-0.150000000000	8774.258898131611
0.000080000000	-0.100000000000	3756.498540972372
0.000080000000	-0.050000000000	906.168593124849
0.000080000000	0.000000000000	0.847869419238
0.000080000000	0.050000000000	850.691314666194
0.000080000000	0.100000000000	3292.363497867070
0.000080000000	0.150000000000	7184.321679729242
0.000080000000	0.200000000000	12403.103472188363
0.000080000000	0.250000000000	18840.372800689151
0.000080000000	0.300000000000	26400.545567848116
0.000080000000	0.350000000000	34998.863645511468
0.000080000000	0.400000000000	44559.819295717069
0.000080000000	0.450000000000	55015.856188561113
0.000080000000	0.500000000000	66306.290719291428
0.000100000000	-0.500000000000	135392.757352451270
0.000100000000	-0.450000000000	103629.415266703581
0.000100000000	-0.400000000000	77683.688714567950
0.000100000000	-0.350000000000	56623.260547712838
0.000100000000	-0.300000000000	39723.406769114365
0.000100000000	-0.250000000000	26409.600875476994
0.000100000000	-0.200000000000	16218.678215577709
0.000100000000	-0.150000000000	8771.793706899036
0.000100000000	-0.100000000000	3755.120285964229
0.000100000000	-0.050000000000	905.772559688565
0.000100000000	0.000000000000	1.345047963232
0.000100000000	0.050000000000	852.005409607189
0.000100000000	0.100000000000	3294.428616278188
0.000100000000	0.150000000000	7187.080522396331
0.000100000000	0.200000000000	12406.505901487031
0.000100000000	0.250000000000	18844.374694854974
0.000100000000	0.300000000000	26405.107895556685
0.000100000000	0.350000000000	35003.951711815149
0.000100000000	0.400000000000	44565.402122622749
0.000100000000	0.450000000000	55021.906002394891
0.000100000000	0.500000000000	66312.782523494883
0.000120000000	-0.500000000000	135373.642289554758
0.000120000000	-0.450000000000	103613.794121422121
0.000120000000	-0.400000000000	77670.998097478441
0.000120000000	-0.350000000000	56613.067042196701
0.000120000000	-0.300000000000	39715.369806915347
0.000120000000	-0.250000000000	26403.447983762500
0.000120000000	-0.200000000000	16214.187997353540
0.000120000000	-0.150000000000	8768.783826002680
0.000120000000	-0.100000000000	3753.438788815682
0.000120000000	-0.050000000000	905.291480308655
0.000120000000	0.000000000000	1.955611416384
0.000120000000	0.050000000000	853.614377263370
0.000120000000	0.100000000000	3296.955461545607
0.000120000000	0.150000000000	7190.455220318045
0.000120000000	0.200000000000	12410.667178761249
0.000120000000	0.250000000000	18849.268629795224
0.000120000000	0.300000000000	26410.686787248655
0.000120000000	0.350000000000	35010.173158657817
0.000120000000	0.400000000000	44572.228265392230
0.000120000000	0.450000000000	55029.302897796500
0.000120000000	0.500000000000	66320.719622109071
0.000140000000	-0.500000000000	135351.058819227066
0.000140000000	-0.450000000000	103595.338826291219
0.000140000000	-0.400000000000	77656.005406401891
0.000140000000	-0.350000000000	56601.024911629152
0.000140000000	-0.300000000000	39705.875873313002
0.000140000000	-0.250000000000	26396.180326432459
0.000140000000	-0.200000000000	16208.885034735586
0.000140000000	-0.150000000000	8765.230122873831
0.000140000000	-0.100000000000	3751.454804719588
0.000140000000	-0.050000000000	904.726014976266
0.000140000000	0.000000000000	2.680138305913
0.000140000000	0.050000000000	855.518725899978
0.000140000000	0.100000000000	3299.944480899104
0.000140000000	0.150000000000	7194.446167357866
0.000140000000	0.200000000000	12415.587650936133
0.000140000000	0.250000000000	18855.054910925064
0.000140000000	0.300000000000	26417.282511445756
0.000140000000	0.350000000000	35017.528221619395
0.000140000000	0.400000000000	44580.297930066008
0.000140000000	0.450000000000	55038.047054212453
0.000140000000	0.500000000000	66330.102170549682
0.000160000000	-0.500000000000	135325.010382136184
0.000160000000	-0.450000000000	103574.052216721058
0.000160000000	-0.400000000000	77638.713015233312
0.000160000000	-0.350000000000	56587.136169848403
0.000160000000	-0.300000000000	39694.926695757626
0.000160000000	-0.250000000000	26387.799399341438
0.000160000000	-0.200000000000	16202.770633586781
0.000160000000	-0.150000000000	8761.133745547822
0.000160000000	-0.100000000000	3749.169349144607
0.000160000000	-0.050000000000	904.077066711841
0.000160000000	0.000000000000	3.519435427669
0.000160000000	0.050000000000	857.719179317547
0.000160000000	0.100000000000	3303.396326040840
0.000160000000	0.150000000000	7199.053952177293
0.000160000000	0.200000000000	12421.267851224529
0.000160000000	0.250000000000	18861.734022420449
0.000160000000	0.300000000000	26424.895508740134
0.000160000000	0.350000000000	35026.017302375447
0.000160000000	0.400000000000	44589.611483421832
0.000160000000	0.450000000000	55048.138807002135
0.000160000000	0.500000000000	66340.930475785732
0.000180000000	-0.500000000000	135295.501009819389
0.000180000000	-0.450000000000	103549.937626714542
0.000180000000	-0.400000000000	77619.123726041435
0.000180000000	-0.350000000000	56571.403203891437
0.000180000000	-0.300000000000	39682.524331145927
0.000180000000	-0.250000000000	26378.306992391394
0.000180000000	-0.200000000000	16195.846364765415
0.000180000000	-0.150000000000	8756.496082912101
0.000180000000	-0.100000000000	3746.583658125764
0.000180000000	-0.050000000000	903.345741890093
0.000180000000	0.000000000000	4.474498198802
0.000180000000	0.050000000000	860.216637227594
0.000180000000	0.100000000000	3307.311813539829
0.000180000000	0.150000000000	7204.279318646415
0.000180000000	0.200000000000	12427.708459550973
0.000180000000	0.250000000000	18869.306587653478
0.000180000000	0.300000000000	26433.526352239067
0.000180000000	0.350000000000	35035.640929150562
0.000180000000	0.400000000000	44600.169413435739
0.000180000000	0.450000000000	55059.578607905467
0.000180000000	0.500000000000	66353.204956812580
0.000200000000	-0.500000000000	135262.535304295860
0.000200000000	-0.450000000000	103522.998868846393
0.000200000000	-0.400000000000	77597.240749304547
0.000200000000	-0.350000000000	56553.828754413255
0.000200000000	-0.300000000000	39668.671146375898
0.000200000000	-0.250000000000	26367.705170188743
0.000200000000	-0.200000000000	16188.114044860182
0.000200000000	-0.150000000000	8751.318745502635
0.000200000000	-0.100000000000	3743.699169109408
0.000200000000	-0.050000000000	902.533331123638
0.000200000000	0.000000000000	5.546491573176
0.000200000000	0.050000000000	863.012156193804
0.000200000000	0.100000000000	3311.691905794920
0.000200000000	0.150000000000	7210.123146824441
0.000200000000	0.200000000000	12434.910283547519
0.000200000000	0.250000000000	18877.773350201001
0.000200000000	0.300000000000	26443.175728584807
0.000200000000	0.350000000000	35046.399737747357
0.000200000000	0.400000000000	44611.972310319179
0.000200000000	0.450000000000	55072.367006086803
0.000200000000	0.500000000000	66366.926125702186
