0.00000000	-0.50000000	12.528936220326
0.00000000	-0.45000000	10.248936220326
0.00000000	-0.40000000	8.208936220326
0.00000000	-0.35000000	6.408936220326
0.00000000	-0.30000000	4.848936220326
0.00000000	-0.25000000	3.528936220326
0.00000000	-0.20000000	2.448936220326
0.00000000	-0.15000000	1.608936220326
0.00000000	-0.10000000	1.008936220326
0.00000000	-0.05000000	0.648936220326
0.00000000	0.00000000	0.528936220326
0.00000000	0.05000000	0.648936220326
0.00000000	0.10000000	1.008936220326
0.00000000	0.15000000	1.608936220326
0.00000000	0.20000000	2.448936220326
0.00000000	0.25000000	3.528936220326
0.00000000	0.30000000	4.848936220326
0.00000000	0.35000000	6.408936220326
0.00000000	0.40000000	8.208936220326
0.00000000	0.45000000	10.248936220326
0.00000000	0.50000000	12.528936220326
0.00001500	-0.50000000	12.108340189553
0.00001500	-0.45000000	9.828340189553
0.00001500	-0.40000000	7.788340189553
0.00001500	-0.35000000	5.988340189553
0.00001500	-0.30000000	4.428340189553
0.00001500	-0.25000000	3.108340189553
0.00001500	-0.20000000	2.028340189553
0.00001500	-0.15000000	1.188340189553
0.00001500	-0.10000000	0.588340189553
0.00001500	-0.05000000	0.228340189553
0.00001500	0.00000000	0.108340189553
0.00001500	0.05000000	0.228340189553
0.00001500	0.10000000	0.588340189553
0.00001500	0.15000000	1.188340189553
0.00001500	0.20000000	2.028340189553
0.00001500	0.25000000	3.108340189553
0.00001500	0.30000000	4.428340189553
0.00001500	0.35000000	5.988340189553
0.00001500	0.40000000	7.788340189553
0.00001500	0.45000000	9.828340189553
0.00001500	0.50000000	12.108340189553
0.00003000	-0.50000000	13.749237050772
0.00003000	-0.45000000	11.469237050772
0.00003000	-0.40000000	9.429237050772
0.00003000	-0.35000000	7.629237050772
0.00003000	-0.30000000	6.069237050772
0.00003000	-0.25000000	4.749237050772
0.00003000	-0.20000000	3.669237050772
0.00003000	-0.15000000	2.829237050772
0.00003000	-0.10000000	2.229237050772
0.00003000	-0.05000000	1.869237050772
0.00003000	0.00000000	1.749237050772
0.00003000	0.05000000	1.869237050772
0.00003000	0.10000000	2.229237050772
0.00003000	0.15000000	2.829237050772
0.00003000	0.20000000	3.669237050772
0.00003000	0.25000000	4.749237050772
0.00003000	0.30000000	6.069237050772
0.00003000	0.35000000	7.629237050772
0.00003000	0.40000000	9.429237050772
0.00003000	0.45000000	11.469237050772
0.00003000	0.50000000	13.749237050772
0.00004500	-0.50000000	17.777546126125
0.00004500	-0.45000000	15.497546126125
0.00004500	-0.40000000	13.457546126125
0.00004500	-0.35000000	11.657546126125
0.00004500	-0.30000000	10.097546126125
0.00004500	-0.25000000	8.777546126125
0.00004500	-0.20000000	7.697546126125
0.00004500	-0.15000000	6.857546126125
0.00004500	-0.10000000	6.257546126125
0.00004500	-0.05000000	5.897546126125
0.00004500	0.00000000	5.777546126125
0.00004500	0.05000000	5.897546126125
0.00004500	0.10000000	6.257546126125
0.00004500	0.15000000	6.857546126125
0.00004500	0.20000000	7.697546126125
0.00004500	0.25000000	8.777546126125
0.00004500	0.30000000	10.097546126125
0.00004500	0.35000000	11.657546126125
0.00004500	0.40000000	13.457546126125
0.00004500	0.45000000	15.497546126125
0.00004500	0.50000000	17.777546126125
0.00006000	-0.50000000	24.004055277043
0.00006000	-0.45000000	21.724055277043
0.00006000	-0.40000000	19.684055277043
0.00006000	-0.35000000	17.884055277043
0.00006000	-0.30000000	16.324055277043
0.00006000	-0.25000000	15.004055277043
0.00006000	-0.20000000	13.924055277043
0.00006000	-0.15000000	13.084055277043
0.00006000	-0.10000000	12.484055277043
0.00006000	-0.05000000	12.124055277043
0.00006000	0.00000000	12.004055277043
0.00006000	0.05000000	12.124055277043
0.00006000	0.10000000	12.484055277043
0.00006000	0.15000000	13.084055277043
0.00006000	0.20000000	13.924055277043
0.00006000	0.25000000	15.004055277043
0.00006000	0.30000000	16.324055277043
0.00006000	0.35000000	17.884055277043
0.00006000	0.40000000	19.684055277043
0.00006000	0.45000000	21.724055277043
0.00006000	0.50000000	24.004055277043
0.00007500	-0.50000000	32.335958151945
0.00007500	-0.45000000	30.055958151945
0.00007500	-0.40000000	28.015958151945
0.00007500	-0.35000000	26.215958151945
0.00007500	-0.30000000	24.655958151945
0.00007500	-0.25000000	23.335958151945
0.00007500	-0.20000000	22.255958151945
0.00007500	-0.15000000	21.415958151945
0.00007500	-0.10000000	20.815958151945
0.00007500	-0.05000000	20.455958151945
0.00007500	0.00000000	20.335958151945
0.00007500	0.05000000	20.455958151945
0.00007500	0.10000000	20.815958151945
0.00007500	0.15000000	21.415958151945
0.00007500	0.20000000	22.255958151945
0.00007500	0.25000000	23.335958151945
0.00007500	0.30000000	24.655958151945
0.00007500	0.35000000	26.215958151945
0.00007500	0.40000000	28.015958151945
0.00007500	0.45000000	30.055958151945
0.00007500	0.50000000	32.335958151945
0.00009000	-0.50000000	42.725755771947
0.00009000	-0.45000000	40.445755771947
0.00009000	-0.40000000	38.405755771947
0.00009000	-0.35000000	36.605755771947
0.00009000	-0.30000000	35.045755771947
0.00009000	-0.25000000	33.725755771947
0.00009000	-0.20000000	32.645755771947
0.00009000	-0.15000000	31.805755771947
0.00009000	-0.10000000	31.205755771947
0.00009000	-0.05000000	30.845755771947
0.00009000	0.00000000	30.725755771947
0.00009000	0.05000000	30.845755771947
0.00009000	0.10000000	31.205755771947
0.00009000	0.15000000	31.805755771947
0.00009000	0.20000000	32.645755771947
0.00009000	0.25000000	33.725755771947
0.00009000	0.30000000	35.045755771947
0.00009000	0.35000000	36.605755771947
0.00009000	0.40000000	38.405755771947
0.00009000	0.45000000	40.445755771947
0.00009000	0.50000000	42.725755771947
0.00010500	-0.50000000	55.146472320816
0.00010500	-0.45000000	52.866472320816
0.00010500	-0.40000000	50.826472320816
0.00010500	-0.35000000	49.026472320816
0.00010500	-0.30000000	47.466472320816
0.00010500	-0.25000000	46.146472320816
0.00010500	-0.20000000	45.066472320816
0.00010500	-0.15000000	44.226472320816
0.00010500	-0.10000000	43.626472320816
0.00010500	-0.05000000	43.266472320816
0.00010500	0.00000000	43.146472320816
0.00010500	0.05000000	43.266472320816
0.00010500	0.10000000	43.626472320816
0.00010500	0.15000000	44.226472320816
0.00010500	0.20000000	45.066472320816
0.00010500	0.25000000	46.146472320816
0.00010500	0.30000000	47.466472320816
0.00010500	0.35000000	49.026472320816
0.00010500	0.40000000	50.826472320816
0.00010500	0.45000000	52.866472320816
0.00010500	0.50000000	55.146472320816
0.00012000	-0.50000000	69.581449307842
0.00012000	-0.45000000	67.301449307842
0.00012000	-0.40000000	65.261449307842
0.00012000	-0.35000000	63.461449307842
0.00012000	-0.30000000	61.901449307842
0.00012000	-0.25000000	60.581449307842
0.00012000	-0.20000000	59.501449307842
0.00012000	-0.15000000	58.661449307842
0.00012000	-0.10000000	58.061449307842
0.00012000	-0.05000000	57.701449307842
0.00012000	0.00000000	57.581449307842
0.00012000	0.05000000	57.701449307842
0.00012000	0.10000000	58.061449307842
0.00012000	0.15000000	58.661449307842
0.00012000	0.20000000	59.501449307842
0.00012000	0.25000000	60.581449307842
0.00012000	0.30000000	61.901449307842
0.00012000	0.35000000	63.461449307842
0.00012000	0.40000000	65.261449307842
0.00012000	0.45000000	67.301449307842
0.00012000	0.50000000	69.581449307842
0.00013500	-0.50000000	86.019718163108
0.00013500	-0.45000000	83.739718163108
0.00013500	-0.40000000	81.699718163108
0.00013500	-0.35000000	79.899718163108
0.00013500	-0.30000000	78.339718163108
0.00013500	-0.25000000	77.019718163108
0.00013500	-0.20000000	75.939718163108
0.00013500	-0.15000000	75.099718163108
0.00013500	-0.10000000	74.499718163108
0.00013500	-0.05000000	74.139718163108
0.00013500	0.00000000	74.019718163108
0.00013500	0.05000000	74.139718163108
0.00013500	0.10000000	74.499718163108
0.00013500	0.15000000	75.099718163108
0.00013500	0.20000000	75.939718163108
0.00013500	0.25000000	77.019718163108
0.00013500	0.30000000	78.339718163108
0.00013500	0.35000000	79.899718163108
0.00013500	0.40000000	81.699718163108
0.00013500	0.45000000	83.739718163108
0.00013500	0.50000000	86.019718163108
0.00015000	-0.50000000	104.453688126150
0.00015000	-0.45000000	102.173688126150
0.00015000	-0.40000000	100.133688126150
0.00015000	-0.35000000	98.333688126150
0.00015000	-0.30000000	96.773688126150
0.00015000	-0.25000000	95.453688126150
0.00015000	-0.20000000	94.373688126150
0.00015000	-0.15000000	93.533688126150
0.00015000	-0.10000000	92.933688126150
0.00015000	-0.05000000	92.573688126150
0.00015000	0.00000000	92.453688126150
0.00015000	0.05000000	92.573688126150
0.00015000	0.10000000	92.933688126150
0.00015000	0.15000000	93.533688126150
0.00015000	0.20000000	94.373688126150
0.00015000	0.25000000	95.453688126150
0.00015000	0.30000000	96.773688126150
0.00015000	0.35000000	98.333688126150
0.00015000	0.40000000	100.133688126150
0.00015000	0.45000000	102.173688126150
0.00015000	0.50000000	104.453688126150
0.00016500	-0.50000000	124.877894419049
0.00016500	-0.45000000	122.597894419049
0.00016500	-0.40000000	120.557894419049
0.00016500	-0.35000000	118.757894419049
0.00016500	-0.30000000	117.197894419049
0.00016500	-0.25000000	115.877894419049
0.00016500	-0.20000000	114.797894419049
0.00016500	-0.15000000	113.957894419049
0.00016500	-0.10000000	113.357894419049
0.00016500	-0.05000000	112.997894419049
0.00016500	0.00000000	112.877894419049
0.00016500	0.05000000	112.997894419049
0.00016500	0.10000000	113.357894419049
0.00016500	0.15000000	113.957894419049
0.00016500	0.20000000	114.797894419049
0.00016500	0.25000000	115.877894419049
0.00016500	0.30000000	117.197894419049
0.00016500	0.35000000	118.757894419049
0.00016500	0.40000000	120.557894419049
0.00016500	0.45000000	122.597894419049
0.00016500	0.50000000	124.877894419049
0.00018000	-0.50000000	147.288274920545
0.00018000	-0.45000000	145.008274920545
0.00018000	-0.40000000	142.968274920545
0.00018000	-0.35000000	141.168274920545
0.00018000	-0.30000000	139.608274920545
0.00018000	-0.25000000	138.288274920545
0.00018000	-0.20000000	137.208274920545
0.00018000	-0.15000000	136.368274920545
0.00018000	-0.10000000	135.768274920545
0.00018000	-0.05000000	135.408274920545
0.00018000	0.00000000	135.288274920545
0.00018000	0.05000000	135.408274920545
0.00018000	0.10000000	135.768274920545
0.00018000	0.15000000	136.368274920545
0.00018000	0.20000000	137.208274920545
0.00018000	0.25000000	138.288274920545
0.00018000	0.30000000	139.608274920545
0.00018000	0.35000000	141.168274920545
0.00018000	0.40000000	142.968274920545
0.00018000	0.45000000	145.008274920545
0.00018000	0.50000000	147.288274920545
0.00019500	-0.50000000	171.681729361809
0.00019500	-0.45000000	169.401729361809
0.00019500	-0.40000000	167.361729361809
0.00019500	-0.35000000	165.561729361809
0.00019500	-0.30000000	164.001729361809
0.00019500	-0.25000000	162.681729361809
0.00019500	-0.20000000	161.601729361809
0.00019500	-0.15000000	160.761729361809
0.00019500	-0.10000000	160.161729361809
0.00019500	-0.05000000	159.801729361809
0.00019500	0.00000000	159.681729361809
0.00019500	0.05000000	159.801729361809
0.00019500	0.10000000	160.161729361809
0.00019500	0.15000000	160.761729361809
0.00019500	0.20000000	161.601729361809
0.00019500	0.25000000	162.681729361809
0.00019500	0.30000000	164.001729361809
0.00019500	0.35000000	165.561729361809
0.00019500	0.40000000	167.361729361809
0.00019500	0.45000000	169.401729361809
0.00019500	0.50000000	171.681729361809
0.00021000	-0.50000000	198.055838630575
0.00021000	-0.45000000	195.775838630575
0.00021000	-0.40000000	193.735838630575
0.00021000	-0.35000000	191.935838630575
0.00021000	-0.30000000	190.375838630575
0.00021000	-0.25000000	189.055838630575
0.00021000	-0.20000000	187.975838630575
0.00021000	-0.15000000	187.135838630575
0.00021000	-0.10000000	186.535838630575
0.00021000	-0.05000000	186.175838630575
0.00021000	0.00000000	186.055838630575
0.00021000	0.05000000	186.175838630575
0.00021000	0.10000000	186.535838630575
0.00021000	0.15000000	187.135838630575
0.00021000	0.20000000	187.975838630575
0.00021000	0.25000000	189.055838630575
0.00021000	0.30000000	190.375838630575
0.00021000	0.35000000	191.935838630575
0.00021000	0.40000000	193.735838630575
0.00021000	0.45000000	195.775838630575
0.00021000	0.50000000	198.055838630575
0.00022500	-0.50000000	226.408679259020
0.00022500	-0.45000000	224.128679259020
0.00022500	-0.40000000	222.088679259020
0.00022500	-0.35000000	220.288679259020
0.00022500	-0.30000000	218.728679259020
0.00022500	-0.25000000	217.408679259020
0.00022500	-0.20000000	216.328679259020
0.00022500	-0.15000000	215.488679259020
0.00022500	-0.10000000	214.888679259020
0.00022500	-0.05000000	214.528679259020
0.00022500	0.00000000	214.408679259020
0.00022500	0.05000000	214.528679259020
0.00022500	0.10000000	214.888679259020
0.00022500	0.15000000	215.488679259020
0.00022500	0.20000000	216.328679259020
0.00022500	0.25000000	217.408679259020
0.00022500	0.30000000	218.728679259020
0.00022500	0.35000000	220.288679259020
0.00022500	0.40000000	222.088679259020
0.00022500	0.45000000	224.128679259020
0.00022500	0.50000000	226.408679259020
0.00024000	-0.50000000	256.738696936910
0.00024000	-0.45000000	254.458696936910
0.00024000	-0.40000000	252.418696936910
0.00024000	-0.35000000	250.618696936910
0.00024000	-0.30000000	249.058696936910
0.00024000	-0.25000000	247.738696936910
0.00024000	-0.20000000	246.658696936910
0.00024000	-0.15000000	245.818696936910
0.00024000	-0.10000000	245.218696936910
0.00024000	-0.05000000	244.858696936910
0.00024000	0.00000000	244.738696936910
0.00024000	0.05000000	244.858696936910
0.00024000	0.10000000	245.218696936910
0.00024000	0.15000000	245.818696936910
0.00024000	0.20000000	246.658696936910
0.00024000	0.25000000	247.738696936910
0.00024000	0.30000000	249.058696936910
0.00024000	0.35000000	250.618696936910
0.00024000	0.40000000	252.418696936910
0.00024000	0.45000000	254.458696936910
0.00024000	0.50000000	256.738696936910
0.00025500	-0.50000000	289.044617876978
0.00025500	-0.45000000	286.764617876978
0.00025500	-0.40000000	284.724617876978
0.00025500	-0.35000000	282.924617876978
0.00025500	-0.30000000	281.364617876978
0.00025500	-0.25000000	280.044617876978
0.00025500	-0.20000000	278.964617876978
0.00025500	-0.15000000	278.124617876978
0.00025500	-0.10000000	277.524617876978
0.00025500	-0.05000000	277.164617876978
0.00025500	0.00000000	277.044617876978
0.00025500	0.05000000	277.164617876978
0.00025500	0.10000000	277.524617876978
0.00025500	0.15000000	278.124617876978
0.00025500	0.20000000	278.964617876978
0.00025500	0.25000000	280.044617876978
0.00025500	0.30000000	281.364617876978
0.00025500	0.35000000	282.924617876978
0.00025500	0.40000000	284.724617876978
0.00025500	0.45000000	286.764617876978
0.00025500	0.50000000	289.044617876978
0.00027000	-0.50000000	323.325385234942
0.00027000	-0.45000000	321.045385234942
0.00027000	-0.40000000	319.005385234942
0.00027000	-0.35000000	317.205385234942
0.00027000	-0.30000000	315.645385234942
0.00027000	-0.25000000	314.325385234942
0.00027000	-0.20000000	313.245385234942
0.00027000	-0.15000000	312.405385234942
0.00027000	-0.10000000	311.805385234942
0.00027000	-0.05000000	311.445385234942
0.00027000	0.00000000	311.325385234942
0.00027000	0.05000000	311.445385234942
0.00027000	0.10000000	311.805385234942
0.00027000	0.15000000	312.405385234942
0.00027000	0.20000000	313.245385234942
0.00027000	0.25000000	314.325385234942
0.00027000	0.30000000	315.645385234942
0.00027000	0.35000000	317.205385234942
0.00027000	0.40000000	319.005385234942
0.00027000	0.45000000	321.045385234942
0.00027000	0.50000000	323.325385234942
0.00028500	-0.50000000	359.580112558292
0.00028500	-0.45000000	357.300112558292
0.00028500	-0.40000000	355.260112558292
0.00028500	-0.35000000	353.460112558292
0.00028500	-0.30000000	351.900112558292
0.00028500	-0.25000000	350.580112558292
0.00028500	-0.20000000	349.500112558292
0.00028500	-0.15000000	348.660112558292
0.00028500	-0.10000000	348.060112558292
0.00028500	-0.05000000	347.700112558292
0.00028500	0.00000000	347.580112558292
0.00028500	0.05000000	347.700112558292
0.00028500	0.10000000	348.060112558292
0.00028500	0.15000000	348.660112558292
0.00028500	0.20000000	349.500112558292
0.00028500	0.25000000	350.580112558292
0.00028500	0.30000000	351.900112558292
0.00028500	0.35000000	353.460112558292
0.00028500	0.40000000	355.260112558292
0.00028500	0.45000000	357.300112558292
0.00028500	0.50000000	359.580112558292
0.00030000	-0.50000000	397.808049067582
0.00030000	-0.45000000	395.528049067582
0.00030000	-0.40000000	393.488049067582
0.00030000	-0.35000000	391.688049067582
0.00030000	-0.30000000	390.128049067582
0.00030000	-0.25000000	388.808049067582
0.00030000	-0.20000000	387.728049067582
0.00030000	-0.15000000	386.888049067582
0.00030000	-0.10000000	386.288049067582
0.00030000	-0.05000000	385.928049067582
0.00030000	0.00000000	385.808049067582
0.00030000	0.05000000	385.928049067582
0.00030000	0.10000000	386.288049067582
0.00030000	0.15000000	386.888049067582
0.00030000	0.20000000	387.728049067582
0.00030000	0.25000000	388.808049067582
0.00030000	0.30000000	390.128049067582
0.00030000	0.35000000	391.688049067582
0.00030000	0.40000000	393.488049067582
0.00030000	0.45000000	395.528049067582
0.00030000	0.50000000	397.808049067582
