-0.000100000000	-0.500000000000	135392.694219363242
-0.000100000000	-0.450000000000	103629.363809585411
-0.000100000000	-0.400000000000	77683.646987896194
-0.000100000000	-0.350000000000	56623.227054830670
-0.000100000000	-0.300000000000	39723.380334010501
-0.000100000000	-0.250000000000	26409.580557296780
-0.000100000000	-0.200000000000	16218.663249844665
-0.000100000000	-0.150000000000	8771.783464021231
-0.000100000000	-0.100000000000	3755.114241264782
-0.000100000000	-0.050000000000	905.770271321638
-0.000100000000	0.000000000000	1.346140350174
-0.000100000000	0.050000000000	852.009560816059
-0.000100000000	0.100000000000	3294.435548271032
-0.000100000000	0.150000000000	7187.089993396425
-0.000100000000	0.200000000000	12406.517699936074
-0.000100000000	0.250000000000	18844.388634578747
-0.000100000000	0.300000000000	26405.123811860150
-0.000100000000	0.350000000000	35003.969458300766
-0.000100000000	0.400000000000	44565.421568576814
-0.000100000000	0.450000000000	55021.927030624393
-0.000100000000	0.500000000000	66312.805028525079
-0.000090000000	-0.500000000000	135400.956499049644
-0.000090000000	-0.450000000000	103636.115974389293
-0.000090000000	-0.400000000000	77689.132569756446
-0.000090000000	-0.350000000000	56627.633398972917
-0.000090000000	-0.300000000000	39726.854648855267
-0.000090000000	-0.250000000000	26412.240615467428
-0.000090000000	-0.200000000000	16220.604745737353
-0.000090000000	-0.150000000000	8773.085207765438
-0.000090000000	-0.100000000000	3755.841910157262
-0.000090000000	-0.050000000000	905.979174196884
-0.000090000000	0.000000000000	1.083290961906
-0.000090000000	0.050000000000	851.315257626814
-0.000090000000	0.100000000000	3293.344595247822
-0.000090000000	0.150000000000	7185.632655450499
-0.000090000000	0.200000000000	12404.720459337630
-0.000090000000	0.250000000000	18842.274796106980
-0.000090000000	0.300000000000	26402.713991591503
-0.000090000000	0.350000000000	35001.281981891072
-0.000090000000	0.400000000000	44562.472798429095
-0.000090000000	0.450000000000	55018.731636654462
-0.000090000000	0.500000000000	66309.376213803960
-0.000080000000	-0.500000000000	135408.350678555609
-0.000080000000	-0.450000000000	103642.158788059998
-0.000080000000	-0.400000000000	77694.041960233037
-0.000080000000	-0.350000000000	56631.577023790072
-0.000080000000	-0.300000000000	39729.964245134564
-0.000080000000	-0.250000000000	26414.621577151069
-0.000080000000	-0.200000000000	16222.342708388473
-0.000080000000	-0.150000000000	8774.250696937239
-0.000080000000	-0.100000000000	3756.493698722460
-0.000080000000	-0.050000000000	906.166756281410
-0.000080000000	0.000000000000	0.848737469981
-0.000080000000	0.050000000000	850.694630025297
-0.000080000000	0.100000000000	3292.369038071010
-0.000080000000	0.150000000000	7184.329251329103
-0.000080000000	0.200000000000	12403.112905914473
-0.000080000000	0.250000000000	18840.383947582632
-0.000080000000	0.300000000000	26400.558296136434
-0.000080000000	0.350000000000	34998.877838062479
-0.000080000000	0.400000000000	44559.834847947604
-0.000080000000	0.450000000000	55015.873006706221
-0.000080000000	0.500000000000	66306.308718962158
-0.000070000000	-0.500000000000	135414.876520347141
-0.000070000000	-0.450000000000	103647.492062671750
-0.000070000000	-0.400000000000	77698.375009219963
-0.000070000000	-0.350000000000	56635.057808676800
-0.000070000000	-0.300000000000	39732.709025704688
-0.000070000000	-0.250000000000	26416.723364174806
-0.000070000000	-0.200000000000	16223.877075186087
-0.000070000000	-0.150000000000	8775.279881850460
-0.000070000000	-0.100000000000	3757.069568130220
-0.000070000000	-0.050000000000	906.332987952884
-0.000070000000	0.000000000000	0.642458130998
-0.000070000000	0.050000000000	850.147663063284
-0.000070000000	0.100000000000	3291.508867695204
-0.000070000000	0.150000000000	7183.179777147810
-0.000070000000	0.200000000000	12401.695040321336
-0.000070000000	0.250000000000	18838.716093674753
-0.000070000000	0.300000000000	26398.656733731594
-0.000070000000	0.350000000000	34996.757038237149
-0.000070000000	0.400000000000	44557.507731410944
-0.000070000000	0.450000000000	55013.351157629746
-0.000070000000	0.500000000000	66303.602563173627
-0.000060000000	-0.500000000000	135420.533845335536
-0.000060000000	-0.450000000000	103652.115662925382
-0.000060000000	-0.400000000000	77702.131614800397
-0.000060000000	-0.350000000000	56638.075677755303
-0.000060000000	-0.300000000000	39735.088935395986
-0.000060000000	-0.250000000000	26418.545938112751
-0.000060000000	-0.200000000000	16225.207821438835
-0.000060000000	-0.150000000000	8776.172749221640
-0.000060000000	-0.100000000000	3757.569514678330
-0.000060000000	-0.050000000000	906.477873635605
-0.000060000000	0.000000000000	0.464464322765
-0.000060000000	0.050000000000	849.674374115806
-0.000060000000	0.100000000000	3290.764106704786
-0.000060000000	0.150000000000	7182.184260045699
-0.000060000000	0.200000000000	12400.466893703337
-0.000060000000	0.250000000000	18837.271269070876
-0.000060000000	0.300000000000	26397.009342213136
-0.000060000000	0.350000000000	34994.919623062451
-0.000060000000	0.400000000000	44555.491491987210
-0.000060000000	0.450000000000	55011.166134862549
-0.000060000000	0.500000000000	66301.257793926445
-0.000050000000	-0.500000000000	135425.322549083037
-0.000050000000	-0.450000000000	103656.029522348923
-0.000050000000	-0.400000000000	77705.311739444791
-0.000050000000	-0.350000000000	56640.630616070936
-0.000050000000	-0.300000000000	39737.103977206614
-0.000050000000	-0.250000000000	26420.089316478996
-0.000050000000	-0.200000000000	16226.334976567368
-0.000050000000	-0.150000000000	8776.929338361437
-0.000050000000	-0.100000000000	3757.993585983532
-0.000050000000	-0.050000000000	906.601467991164
-0.000050000000	0.000000000000	0.314816734896
-0.000050000000	0.050000000000	849.274829071273
-0.000050000000	0.100000000000	3290.134825504188
-0.000050000000	0.150000000000	7181.342774375569
-0.000050000000	0.200000000000	12399.428543885928
-0.000050000000	0.250000000000	18836.049554667523
-0.000050000000	0.300000000000	26395.616205206810
-0.000050000000	0.350000000000	34993.365678601112
-0.000050000000	0.400000000000	44553.786217924382
-0.000050000000	0.450000000000	55009.318028619942
-0.000050000000	0.500000000000	66299.274503213499
-0.000040000000	-0.500000000000	135429.242633662099
-0.000040000000	-0.450000000000	103659.233675150521
-0.000040000000	-0.400000000000	77707.915441858393
-0.000040000000	-0.350000000000	56642.722701436440
-0.000040000000	-0.300000000000	39738.754244144366
-0.000040000000	-0.250000000000	26421.353604567201
-0.000040000000	-0.200000000000	16227.258655942773
-0.000040000000	-0.150000000000	8777.549773011098
-0.000040000000	-0.100000000000	3758.341912816786
-0.000040000000	-0.050000000000	906.703907752907
-0.000040000000	0.000000000000	0.193657202304
-0.000040000000	0.050000000000	848.949174164484
-0.000040000000	0.100000000000	3289.621174150082
-0.000040000000	0.150000000000	7180.655473535647
-0.000040000000	0.200000000000	12398.580147206201
-0.000040000000	0.250000000000	18835.051109400694
-0.000040000000	0.300000000000	26394.477483958508
-0.000040000000	0.350000000000	34992.095368161288
-0.000040000000	0.400000000000	44552.392074379961
-0.000040000000	0.450000000000	55007.807005724215
-0.000040000000	0.500000000000	66297.652859361406
-0.000030000000	-0.500000000000	135432.294275388907
-0.000030000000	-0.450000000000	103661.728323949428
-0.000030000000	-0.400000000000	77709.942944710914
-0.000030000000	-0.350000000000	56644.352172160317
-0.000030000000	-0.300000000000	39740.039986954347
-0.000030000000	-0.250000000000	26422.339063177893
-0.000030000000	-0.200000000000	16227.979128613217
-0.000030000000	-0.150000000000	8778.034329069336
-0.000030000000	-0.100000000000	3758.614776830268
-0.000030000000	-0.050000000000	906.785479452686
-0.000030000000	0.000000000000	0.101276432196
-0.000030000000	0.050000000000	848.697703703614
-0.000030000000	0.100000000000	3289.223450078582
-0.000030000000	0.150000000000	7180.122657696775
-0.000030000000	0.200000000000	12397.922006240364
-0.000030000000	0.250000000000	18834.276237973605
-0.000030000000	0.300000000000	26393.593485061781
-0.000030000000	0.350000000000	34991.109000024473
-0.000030000000	0.400000000000	44551.309371148782
-0.000030000000	0.450000000000	55006.633377332713
-0.000030000000	0.500000000000	66296.393174758676
-0.000020000000	-0.500000000000	135434.477974607522
-0.000020000000	-0.450000000000	103663.513989554835
-0.000020000000	-0.400000000000	77711.394784411532
-0.000020000000	-0.350000000000	56645.519576819141
-0.000020000000	-0.300000000000	39740.961763888939
-0.000020000000	-0.250000000000	26423.046258386421
-0.000020000000	-0.200000000000	16228.496967070814
-0.000020000000	-0.150000000000	8778.383584357911
-0.000020000000	-0.100000000000	3758.812760321737
-0.000020000000	-0.050000000000	906.846769184548
-0.000020000000	0.000000000000	0.038263766850
-0.000020000000	0.050000000000	848.521009832328
-0.000020000000	0.100000000000	3288.942247866716
-0.000020000000	0.150000000000	7179.744923563521
-0.000020000000	0.200000000000	12397.454719564039
-0.000020000000	0.250000000000	18833.725540616582
-0.000020000000	0.300000000000	26392.964810217512
-0.000020000000	0.350000000000	34990.407177204484
-0.000020000000	0.400000000000	44550.538712422123
-0.000020000000	0.450000000000	55005.797748696677
-0.000020000000	0.500000000000	66295.496055614363
-0.000010000000	-0.500000000000	135435.794711822527
-0.000010000000	-0.450000000000	103664.591667096785
-0.000010000000	-0.400000000000	77712.271967239329
-0.000010000000	-0.350000000000	56646.225930387627
-0.000010000000	-0.300000000000	39741.520596837589
-0.000010000000	-0.250000000000	26423.476217673255
-0.000010000000	-0.200000000000	16228.813203381696
-0.000010000000	-0.150000000000	8778.598574751770
-0.000010000000	-0.100000000000	3758.936902364923
-0.000010000000	-0.050000000000	906.888818735261
-0.000010000000	0.000000000000	0.005663314410
-0.000010000000	0.050000000000	848.420138660788
-0.000010000000	0.100000000000	3288.778615363679
-0.000010000000	0.150000000000	7179.523320505484
-0.000010000000	0.200000000000	12397.179337884128
-0.000010000000	0.250000000000	18833.400069218998
-0.000010000000	0.300000000000	26392.592512366024
-0.000010000000	0.350000000000	34989.990953580105
-0.000010000000	0.400000000000	44550.081152920233
-0.000010000000	0.450000000000	55005.301175293775
-0.000010000000	0.500000000000	66294.962558090425
0.000000000000	-0.500000000000	135436.240973762062
0.000000000000	-0.450000000000	103664.957852087362
0.000000000000	-0.400000000000	77712.570995401562
0.000000000000	-0.350000000000	56646.467740295251
0.000000000000	-0.300000000000	39741.712997382601
0.000000000000	-0.250000000000	26423.625455978086
0.000000000000	-0.200000000000	16228.924355239480
0.000000000000	-0.150000000000	8778.675820231894
0.000000000000	-0.100000000000	3758.983724861756
0.000000000000	-0.050000000000	906.908151636003
0.000000000000	0.000000000000	0.000000000000
0.000000000000	0.050000000000	848.391616316366
0.000000000000	0.100000000000	3288.729079741124
0.000000000000	0.150000000000	7179.454376607291
0.000000000000	0.200000000000	12397.092390088270
0.000000000000	0.250000000000	18833.296353378577
0.000000000000	0.300000000000	26392.473121736188
0.000000000000	0.350000000000	34989.856859943611
0.000000000000	0.400000000000	44549.933223940534
0.000000000000	0.450000000000	55005.140188876307
0.000000000000	0.500000000000	66294.789214350370
0.000010000000	-0.500000000000	135435.801070342714
0.000010000000	-0.450000000000	103664.596857384342
0.000010000000	-0.400000000000	77712.276183998067
0.000010000000	-0.350000000000	56646.229323390231
0.000010000000	-0.300000000000	39741.523283762683
0.000010000000	-0.250000000000	26423.478292663862
0.000010000000	-0.200000000000	16228.814742929182
0.000010000000	-0.150000000000	8778.599641849085
0.000010000000	-0.100000000000	3758.937549506274
0.000010000000	-0.050000000000	906.889090126314
0.000010000000	0.000000000000	0.005596529974
0.000010000000	0.050000000000	848.419765907932
0.000010000000	0.100000000000	3288.777964457596
0.000010000000	0.150000000000	7179.522415633298
0.000010000000	0.200000000000	12397.178200209619
0.000010000000	0.250000000000	18833.398717366264
0.000010000000	0.300000000000	26392.590962810275
0.000010000000	0.350000000000	34989.989220965930
0.000010000000	0.400000000000	44550.079250323171
0.000010000000	0.450000000000	55005.299114436770
0.000010000000	0.500000000000	66294.960349524103
0.000020000000	-0.500000000000	135434.490637023700
0.000020000000	-0.450000000000	103663.524315544404
0.000020000000	-0.400000000000	77711.403163373194
0.000020000000	-0.350000000000	56645.526308291417
0.000020000000	-0.300000000000	39740.967083224394
0.000020000000	-0.250000000000	26423.050353867715
0.000020000000	-0.200000000000	16228.499991677985
0.000020000000	-0.150000000000	8778.385664074818
0.000020000000	-0.100000000000	3758.814000135143
0.000020000000	-0.050000000000	906.847257504488
0.000020000000	0.000000000000	0.038075741975
0.000020000000	0.050000000000	848.520209875910
0.000020000000	0.100000000000	3288.940891608409
0.000020000000	0.150000000000	7179.743059377041
0.000020000000	0.200000000000	12397.452389776408
0.000020000000	0.250000000000	18833.722782475626
0.000020000000	0.300000000000	26392.961656673237
0.000020000000	0.350000000000	34990.403657545852
0.000020000000	0.400000000000	44550.534852800003
0.000020000000	0.450000000000	55005.793572556664
0.000020000000	0.500000000000	66295.491584057498
0.000030000000	-0.500000000000	135432.313245168247
0.000030000000	-0.450000000000	103661.743789185057
0.000030000000	-0.400000000000	77709.955489477637
0.000030000000	-0.350000000000	56644.362245749900
0.000030000000	-0.300000000000	39740.047942383942
0.000030000000	-0.250000000000	26422.345182862737
0.000030000000	-0.200000000000	16227.983642016812
0.000030000000	-0.150000000000	8778.037425162296
0.000030000000	-0.100000000000	3758.616613088778
0.000030000000	-0.050000000000	906.786188488606
0.000030000000	0.000000000000	0.100970966007
0.000030000000	0.050000000000	848.696480353082
0.000030000000	0.100000000000	3289.221392286502
0.000030000000	0.150000000000	7180.119838022237
0.000030000000	0.200000000000	12397.918488172723
0.000030000000	0.250000000000	18834.272077383612
0.000030000000	0.300000000000	26393.588731373606
0.000030000000	0.350000000000	34991.103697170765
0.000030000000	0.400000000000	44551.303558355226
0.000030000000	0.450000000000	55006.627089767193
0.000030000000	0.500000000000	66296.386444072312
0.000040000000	-0.500000000000	135429.267913490417
0.000040000000	-0.450000000000	103659.254282433889
0.000040000000	-0.400000000000	77707.932155320348
0.000040000000	-0.350000000000	56642.736120102381
0.000040000000	-0.300000000000	39738.764838681906
0.000040000000	-0.250000000000	26421.361751513698
0.000040000000	-0.200000000000	16227.264661237117
0.000040000000	-0.150000000000	8777.553888604622
0.000040000000	-0.100000000000	3758.344348670157
0.000040000000	-0.050000000000	906.704840676035
0.000040000000	0.000000000000	0.193237484280
0.000040000000	0.050000000000	848.947530625073
0.000040000000	0.100000000000	3289.618418043161
0.000040000000	0.150000000000	7180.651701603985
0.000040000000	0.200000000000	12398.575444100037
0.000040000000	0.250000000000	18835.045549612438
0.000040000000	0.300000000000	26394.471133385458
0.000040000000	0.350000000000	34992.088285378937
0.000040000000	0.400000000000	44552.384311688016
0.000040000000	0.450000000000	55007.798610012163
0.000040000000	0.500000000000	66297.643872829853
0.000050000000	-0.500000000000	135425.354139824136
0.000050000000	-0.450000000000	103656.055272697617
0.000050000000	-0.400000000000	77705.332622736722
0.000050000000	-0.350000000000	56640.647381039213
0.000050000000	-0.300000000000	39737.117212150581
0.000050000000	-0.250000000000	26420.099492044126
0.000050000000	-0.200000000000	16226.342475157440
0.000050000000	-0.150000000000	8776.934474900292
0.000050000000	-0.100000000000	3757.996622909928
0.000050000000	-0.050000000000	906.602626307932
0.000050000000	0.000000000000	0.314284295661
0.000050000000	0.050000000000	849.272766894474
0.000050000000	0.100000000000	3290.131372651954
0.000050000000	0.150000000000	7181.338051772119
0.000050000000	0.200000000000	12399.422657340398
0.000050000000	0.250000000000	18836.042597292424
0.000050000000	0.300000000000	26395.608259371180
0.000050000000	0.350000000000	34993.356817522108
0.000050000000	0.400000000000	44553.776506974711
0.000050000000	0.450000000000	55009.307526409852
0.000050000000	0.500000000000	66299.263262492299
0.000060000000	-0.500000000000	135420.571746846428
0.000060000000	-0.450000000000	103652.146556389198
0.000060000000	-0.400000000000	77702.156668118827
0.000060000000	-0.350000000000	56638.095789336898
0.000060000000	-0.300000000000	39735.104811148150
0.000060000000	-0.250000000000	26418.558142771704
0.000060000000	-0.200000000000	16225.216813859948
0.000060000000	-0.150000000000	8776.178907291045
0.000060000000	-0.100000000000	3757.573153304870
0.000060000000	-0.050000000000	906.479258008588
0.000060000000	0.000000000000	0.463819855276
0.000060000000	0.050000000000	849.671894020682
0.000060000000	0.100000000000	3290.759957849014
0.000060000000	0.150000000000	7182.178587532024
0.000060000000	0.200000000000	12400.459824497477
0.000060000000	0.250000000000	18837.262914903338
0.000060000000	0.300000000000	26396.999801922990
0.000060000000	0.350000000000	34994.908984507048
0.000060000000	0.400000000000	44555.479833611003
0.000060000000	0.450000000000	55011.153526995462
0.000060000000	0.500000000000	66301.244299865488
0.000070000000	-0.500000000000	135414.920731873368
0.000070000000	-0.450000000000	103647.528098727271
0.000070000000	-0.400000000000	77698.404232217406
0.000070000000	-0.350000000000	56635.081266661291
0.000070000000	-0.300000000000	39732.727542163651
0.000070000000	-0.250000000000	26416.737597914194
0.000070000000	-0.200000000000	16223.887561496991
0.000070000000	-0.150000000000	8775.287061568944
0.000070000000	-0.100000000000	3757.073808625672
0.000070000000	-0.050000000000	906.334598593422
0.000070000000	0.000000000000	0.641701882926
0.000070000000	0.050000000000	850.144765328898
0.000070000000	0.100000000000	3291.504023142140
0.000070000000	0.150000000000	7183.173155053903
0.000070000000	0.200000000000	12401.686788805999
0.000070000000	0.250000000000	18838.706343084064
0.000070000000	0.300000000000	26398.645599372612
0.000070000000	0.350000000000	34996.744622605649
0.000070000000	0.400000000000	44557.494126021622
0.000070000000	0.450000000000	55013.336444530745
0.000070000000	0.500000000000	66303.586816208670
0.000080000000	-0.500000000000	135408.401198903332
0.000080000000	-0.450000000000	103642.199965783322
0.000080000000	-0.400000000000	77694.075352191358
0.000080000000	-0.350000000000	56631.603827619634
0.000080000000	-0.300000000000	39729.985401869839
0.000080000000	-0.250000000000	26414.637839643321
0.000080000000	-0.200000000000	16222.354688345897
0.000080000000	-0.150000000000	8774.258898131611
0.000080000000	-0.100000000000	3756.498540972372
0.000080000000	-0.050000000000	906.168593124849
0.000080000000	0.000000000000	0.847869419238
0.000080000000	0.050000000000	850.691314666194
0.000080000000	0.100000000000	3292.363497867070
0.000080000000	0.150000000000	7184.321679729242
0.000080000000	0.200000000000	12403.103472188363
0.000080000000	0.250000000000	18840.372800689151
0.000080000000	0.300000000000	26400.545567848116
0.000080000000	0.350000000000	34998.863645511468
0.000080000000	0.400000000000	44559.819295717069
0.000080000000	0.450000000000	55015.856188561113
0.000080000000	0.500000000000	66306.290719291428
0.000090000000	-0.500000000000	135401.013326685701
0.000090000000	-0.450000000000	103636.162292555033
0.000090000000	-0.400000000000	77689.170129684644
0.000090000000	-0.350000000000	56627.663547839133
0.000090000000	-0.300000000000	39726.878445203532
0.000090000000	-0.250000000000	26412.258906166346
0.000090000000	-0.200000000000	16220.618218891237
0.000090000000	-0.150000000000	8773.094430065317
0.000090000000	-0.100000000000	3755.847353858049
0.000090000000	-0.050000000000	905.981236996287
0.000090000000	0.000000000000	1.082310910009
0.000090000000	0.050000000000	851.311524486272
0.000090000000	0.100000000000	3293.338359272466
0.000090000000	0.150000000000	7185.624134255753
0.000090000000	0.200000000000	12404.709843339617
0.000090000000	0.250000000000	18842.262252874072
0.000090000000	0.300000000000	26402.699669359066
0.000090000000	0.350000000000	35001.266012425272
0.000090000000	0.400000000000	44562.455299379501
0.000090000000	0.450000000000	55018.712713501009
0.000090000000	0.500000000000	66309.355961479334
0.000100000000	-0.500000000000	135392.757352451270
0.000100000000	-0.450000000000	103629.415266703581
0.000100000000	-0.400000000000	77683.688714567950
0.000100000000	-0.350000000000	56623.260547712838
0.000100000000	-0.300000000000	39723.406769114365
0.000100000000	-0.250000000000	26409.600875476994
0.000100000000	-0.200000000000	16218.678215577709
0.000100000000	-0.150000000000	8771.793706899036
0.000100000000	-0.100000000000	3755.120285964229
0.000100000000	-0.050000000000	905.772559688565
0.000100000000	0.000000000000	1.345047963232
0.000100000000	0.050000000000	852.005409607189
0.000100000000	0.100000000000	3294.428616278188
0.000100000000	0.150000000000	7187.080522396331
0.000100000000	0.200000000000	12406.505901487031
0.000100000000	0.250000000000	18844.374694854974
0.000100000000	0.300000000000	26405.107895556685
0.000100000000	0.350000000000	35003.951711815149
0.000100000000	0.400000000000	44565.402122622749
0.000100000000	0.450000000000	55021.906002394891
0.000100000000	0.500000000000	66312.782523494883
