0.00000000	-0.50000000	20.000167493857
0.00000000	-0.45000000	16.200167493857
0.00000000	-0.40000000	12.800167493857
0.00000000	-0.35000000	9.800167493857
0.00000000	-0.30000000	7.200167493857
0.00000000	-0.25000000	5.000167493857
0.00000000	-0.20000000	3.200167493857
0.00000000	-0.15000000	1.800167493857
0.00000000	-0.10000000	0.800167493857
0.00000000	-0.05000000	0.200167493857
0.00000000	0.00000000	0.000167493857
0.00000000	0.05000000	0.200167493857
0.00000000	0.10000000	0.800167493857
0.00000000	0.15000000	1.800167493857
0.00000000	0.20000000	3.200167493857
0.00000000	0.25000000	5.000167493857
0.00000000	0.30000000	7.200167493857
0.00000000	0.35000000	9.800167493857
0.00000000	0.40000000	12.800167493857
0.00000000	0.45000000	16.200167493857
0.00000000	0.50000000	20.000167493857
0.00050000	-0.50000000	20.005785025468
0.00050000	-0.45000000	16.205785025468
0.00050000	-0.40000000	12.805785025468
0.00050000	-0.35000000	9.805785025468
0.00050000	-0.30000000	7.205785025468
0.00050000	-0.25000000	5.005785025468
0.00050000	-0.20000000	3.205785025468
0.00050000	-0.15000000	1.805785025468
0.00050000	-0.10000000	0.805785025468
0.00050000	-0.05000000	0.205785025468
0.00050000	0.00000000	0.005785025468
0.00050000	0.05000000	0.205785025468
0.00050000	0.10000000	0.805785025468
0.00050000	0.15000000	1.805785025468
0.00050000	0.20000000	3.205785025468
0.00050000	0.25000000	5.005785025468
0.00050000	0.30000000	7.205785025468
0.00050000	0.35000000	9.805785025468
0.00050000	0.40000000	12.805785025468
0.00050000	0.45000000	16.205785025468
0.00050000	0.50000000	20.005785025468
0.00100000	-0.50000000	20.018645985187
0.00100000	-0.45000000	16.218645985187
0.00100000	-0.40000000	12.818645985187
0.00100000	-0.35000000	9.818645985187
0.00100000	-0.30000000	7.218645985187
0.00100000	-0.25000000	5.018645985187
0.00100000	-0.20000000	3.218645985187
0.00100000	-0.15000000	1.818645985187
0.00100000	-0.10000000	0.818645985187
0.00100000	-0.05000000	0.218645985187
0.00100000	0.00000000	0.018645985187
0.00100000	0.05000000	0.218645985187
0.00100000	0.10000000	0.818645985187
0.00100000	0.15000000	1.818645985187
0.00100000	0.20000000	3.218645985187
0.00100000	0.25000000	5.018645985187
0.00100000	0.30000000	7.218645985187
0.00100000	0.35000000	9.818645985187
0.00100000	0.40000000	12.818645985187
0.00100000	0.45000000	16.218645985187
0.00100000	0.50000000	20.018645985187
0.00150000	-0.50000000	20.034659010329
0.00150000	-0.45000000	16.234659010329
0.00150000	-0.40000000	12.834659010329
0.00150000	-0.35000000	9.834659010329
0.00150000	-0.30000000	7.234659010329
0.00150000	-0.25000000	5.034659010329
0.00150000	-0.20000000	3.234659010329
0.00150000	-0.15000000	1.834659010329
0.00150000	-0.10000000	0.834659010329
0.00150000	-0.05000000	0.234659010329
0.00150000	0.00000000	0.034659010329
0.00150000	0.05000000	0.234659010329
0.00150000	0.10000000	0.834659010329
0.00150000	0.15000000	1.834659010329
0.00150000	0.20000000	3.234659010329
0.00150000	0.25000000	5.034659010329
0.00150000	0.30000000	7.234659010329
0.00150000	0.35000000	9.834659010329
0.00150000	0.40000000	12.834659010329
0.00150000	0.45000000	16.234659010329
0.00150000	0.50000000	20.034659010329
0.00200000	-0.50000000	20.052266052692
0.00200000	-0.45000000	16.252266052692
0.00200000	-0.40000000	12.852266052692
0.00200000	-0.35000000	9.852266052692
0.00200000	-0.30000000	7.252266052692
0.00200000	-0.25000000	5.052266052692
0.00200000	-0.20000000	3.252266052692
0.00200000	-0.15000000	1.852266052692
0.00200000	-0.10000000	0.852266052692
0.00200000	-0.05000000	0.252266052692
0.00200000	0.00000000	0.052266052692
0.00200000	0.05000000	0.252266052692
0.00200000	0.10000000	0.852266052692
0.00200000	0.15000000	1.852266052692
0.00200000	0.20000000	3.252266052692
0.00200000	0.25000000	5.052266052692
0.00200000	0.30000000	7.252266052692
0.00200000	0.35000000	9.852266052692
0.00200000	0.40000000	12.852266052692
0.00200000	0.45000000	16.252266052692
0.00200000	0.50000000	20.052266052692
0.00250000	-0.50000000	20.072550658918
0.00250000	-0.45000000	16.272550658918
0.00250000	-0.40000000	12.872550658918
0.00250000	-0.35000000	9.872550658918
0.00250000	-0.30000000	7.272550658918
0.00250000	-0.25000000	5.072550658918
0.00250000	-0.20000000	3.272550658918
0.00250000	-0.15000000	1.872550658918
0.00250000	-0.10000000	0.872550658918
0.00250000	-0.05000000	0.272550658918
0.00250000	0.00000000	0.072550658918
0.00250000	0.05000000	0.272550658918
0.00250000	0.10000000	0.872550658918
0.00250000	0.15000000	1.872550658918
0.00250000	0.20000000	3.272550658918
0.00250000	0.25000000	5.072550658918
0.00250000	0.30000000	7.272550658918
0.00250000	0.35000000	9.872550658918
0.00250000	0.40000000	12.872550658918
0.00250000	0.45000000	16.272550658918
0.00250000	0.50000000	20.072550658918
0.00300000	-0.50000000	20.098777569891
0.00300000	-0.45000000	16.298777569891
0.00300000	-0.40000000	12.898777569891
0.00300000	-0.35000000	9.898777569891
0.00300000	-0.30000000	7.298777569891
0.00300000	-0.25000000	5.098777569891
0.00300000	-0.20000000	3.298777569891
0.00300000	-0.15000000	1.898777569891
0.00300000	-0.10000000	0.898777569891
0.00300000	-0.05000000	0.298777569891
0.00300000	0.00000000	0.098777569891
0.00300000	0.05000000	0.298777569891
0.00300000	0.10000000	0.898777569891
0.00300000	0.15000000	1.898777569891
0.00300000	0.20000000	3.298777569891
0.00300000	0.25000000	5.098777569891
0.00300000	0.30000000	7.298777569891
0.00300000	0.35000000	9.898777569891
0.00300000	0.40000000	12.898777569891
0.00300000	0.45000000	16.298777569891
0.00300000	0.50000000	20.098777569891
0.00350000	-0.50000000	20.136697200328
0.00350000	-0.45000000	16.336697200328
0.00350000	-0.40000000	12.936697200328
0.00350000	-0.35000000	9.936697200328
0.00350000	-0.30000000	7.336697200328
0.00350000	-0.25000000	5.136697200328
0.00350000	-0.20000000	3.336697200328
0.00350000	-0.15000000	1.936697200328
0.00350000	-0.10000000	0.936697200328
0.00350000	-0.05000000	0.336697200328
0.00350000	0.00000000	0.136697200328
0.00350000	0.05000000	0.336697200328
0.00350000	0.10000000	0.936697200328
0.00350000	0.15000000	1.936697200328
0.00350000	0.20000000	3.336697200328
0.00350000	0.25000000	5.136697200328
0.00350000	0.30000000	7.336697200328
0.00350000	0.35000000	9.936697200328
0.00350000	0.40000000	12.936697200328
0.00350000	0.45000000	16.336697200328
0.00350000	0.50000000	20.136697200328
0.00400000	-0.50000000	20.194339941213
0.00400000	-0.45000000	16.394339941213
0.00400000	-0.40000000	12.994339941213
0.00400000	-0.35000000	9.994339941213
0.00400000	-0.30000000	7.394339941213
0.00400000	-0.25000000	5.194339941213
0.00400000	-0.20000000	3.394339941213
0.00400000	-0.15000000	1.994339941213
0.00400000	-0.10000000	0.994339941213
0.00400000	-0.05000000	0.394339941213
0.00400000	0.00000000	0.194339941213
0.00400000	0.05000000	0.394339941213
0.00400000	0.10000000	0.994339941213
0.00400000	0.15000000	1.994339941213
0.00400000	0.20000000	3.394339941213
0.00400000	0.25000000	5.194339941213
0.00400000	0.30000000	7.394339941213
0.00400000	0.35000000	9.994339941213
0.00400000	0.40000000	12.994339941213
0.00400000	0.45000000	16.394339941213
0.00400000	0.50000000	20.194339941213
0.00450000	-0.50000000	20.281367113542
0.00450000	-0.45000000	16.481367113542
0.00450000	-0.40000000	13.081367113542
0.00450000	-0.35000000	10.081367113542
0.00450000	-0.30000000	7.481367113542
0.00450000	-0.25000000	5.281367113542
0.00450000	-0.20000000	3.481367113542
0.00450000	-0.15000000	2.081367113542
0.00450000	-0.10000000	1.081367113542
0.00450000	-0.05000000	0.481367113542
0.00450000	0.00000000	0.281367113542
0.00450000	0.05000000	0.481367113542
0.00450000	0.10000000	1.081367113542
0.00450000	0.15000000	2.081367113542
0.00450000	0.20000000	3.481367113542
0.00450000	0.25000000	5.281367113542
0.00450000	0.30000000	7.481367113542
0.00450000	0.35000000	10.081367113542
0.00450000	0.40000000	13.081367113542
0.00450000	0.45000000	16.481367113542
0.00450000	0.50000000	20.281367113542
0.00500000	-0.50000000	20.409398185652
0.00500000	-0.45000000	16.609398185652
0.00500000	-0.40000000	13.209398185652
0.00500000	-0.35000000	10.209398185652
0.00500000	-0.30000000	7.609398185652
0.00500000	-0.25000000	5.409398185652
0.00500000	-0.20000000	3.609398185652
0.00500000	-0.15000000	2.209398185652
0.00500000	-0.10000000	1.209398185652
0.00500000	-0.05000000	0.609398185652
0.00500000	0.00000000	0.409398185652
0.00500000	0.05000000	0.609398185652
0.00500000	0.10000000	1.209398185652
0.00500000	0.15000000	2.209398185652
0.00500000	0.20000000	3.609398185652
0.00500000	0.25000000	5.409398185652
0.00500000	0.30000000	7.609398185652
0.00500000	0.35000000	10.209398185652
0.00500000	0.40000000	13.209398185652
0.00500000	0.45000000	16.609398185652
0.00500000	0.50000000	20.409398185652
0.00550000	-0.50000000	20.591056026821
0.00550000	-0.45000000	16.791056026821
0.00550000	-0.40000000	13.391056026821
0.00550000	-0.35000000	10.391056026821
0.00550000	-0.30000000	7.791056026821
0.00550000	-0.25000000	5.591056026821
0.00550000	-0.20000000	3.791056026821
0.00550000	-0.15000000	2.391056026821
0.00550000	-0.10000000	1.391056026821
0.00550000	-0.05000000	0.791056026821
0.00550000	0.00000000	0.591056026821
0.00550000	0.05000000	0.791056026821
0.00550000	0.10000000	1.391056026821
0.00550000	0.15000000	2.391056026821
0.00550000	0.20000000	3.791056026821
0.00550000	0.25000000	5.591056026821
0.00550000	0.30000000	7.791056026821
0.00550000	0.35000000	10.391056026821
0.00550000	0.40000000	13.391056026821
0.00550000	0.45000000	16.791056026821
0.00550000	0.50000000	20.591056026821
0.00600000	-0.50000000	20.841095761958
0.00600000	-0.45000000	17.041095761958
0.00600000	-0.40000000	13.641095761958
0.00600000	-0.35000000	10.641095761958
0.00600000	-0.30000000	8.041095761958
0.00600000	-0.25000000	5.841095761958
0.00600000	-0.20000000	4.041095761958
0.00600000	-0.15000000	2.641095761958
0.00600000	-0.10000000	1.641095761958
0.00600000	-0.05000000	1.041095761958
0.00600000	0.00000000	0.841095761958
0.00600000	0.05000000	1.041095761958
0.00600000	0.10000000	1.641095761958
0.00600000	0.15000000	2.641095761958
0.00600000	0.20000000	4.041095761958
0.00600000	0.25000000	5.841095761958
0.00600000	0.30000000	8.041095761958
0.00600000	0.35000000	10.641095761958
0.00600000	0.40000000	13.641095761958
0.00600000	0.45000000	17.041095761958
0.00600000	0.50000000	20.841095761958
0.00650000	-0.50000000	21.174452218405
0.00650000	-0.45000000	17.374452218405
0.00650000	-0.40000000	13.974452218405
0.00650000	-0.35000000	10.974452218405
0.00650000	-0.30000000	8.374452218405
0.00650000	-0.25000000	6.174452218405
0.00650000	-0.20000000	4.374452218405
0.00650000	-0.15000000	2.974452218405
0.00650000	-0.10000000	1.974452218405
0.00650000	-0.05000000	1.374452218405
0.00650000	0.00000000	1.174452218405
0.00650000	0.05000000	1.374452218405
0.00650000	0.10000000	1.974452218405
0.00650000	0.15000000	2.974452218405
0.00650000	0.20000000	4.374452218405
0.00650000	0.25000000	6.174452218405
0.00650000	0.30000000	8.374452218405
0.00650000	0.35000000	10.974452218405
0.00650000	0.40000000	13.974452218405
0.00650000	0.45000000	17.374452218405
0.00650000	0.50000000	21.174452218405
0.00700000	-0.50000000	21.607558533228
0.00700000	-0.45000000	17.807558533228
0.00700000	-0.40000000	14.407558533228
0.00700000	-0.35000000	11.407558533228
0.00700000	-0.30000000	8.807558533228
0.00700000	-0.25000000	6.607558533228
0.00700000	-0.20000000	4.807558533228
0.00700000	-0.15000000	3.407558533228
0.00700000	-0.10000000	2.407558533228
0.00700000	-0.05000000	1.807558533228
0.00700000	0.00000000	1.607558533228
0.00700000	0.05000000	1.807558533228
0.00700000	0.10000000	2.407558533228
0.00700000	0.15000000	3.407558533228
0.00700000	0.20000000	4.807558533228
0.00700000	0.25000000	6.607558533228
0.00700000	0.30000000	8.807558533228
0.00700000	0.35000000	11.407558533228
0.00700000	0.40000000	14.407558533228
0.00700000	0.45000000	17.807558533228
0.00700000	0.50000000	21.607558533228
0.00750000	-0.50000000	22.157616362363
0.00750000	-0.45000000	18.357616362363
0.00750000	-0.40000000	14.957616362363
0.00750000	-0.35000000	11.957616362363
0.00750000	-0.30000000	9.357616362363
0.00750000	-0.25000000	7.157616362363
0.00750000	-0.20000000	5.357616362363
0.00750000	-0.15000000	3.957616362363
0.00750000	-0.10000000	2.957616362363
0.00750000	-0.05000000	2.357616362363
0.00750000	0.00000000	2.157616362363
0.00750000	0.05000000	2.357616362363
0.00750000	0.10000000	2.957616362363
0.00750000	0.15000000	3.957616362363
0.00750000	0.20000000	5.357616362363
0.00750000	0.25000000	7.157616362363
0.00750000	0.30000000	9.357616362363
0.00750000	0.35000000	11.957616362363
0.00750000	0.40000000	14.957616362363
0.00750000	0.45000000	18.357616362363
0.00750000	0.50000000	22.157616362363
0.00800000	-0.50000000	22.841568405650
0.00800000	-0.45000000	19.041568405650
0.00800000	-0.40000000	15.641568405650
0.00800000	-0.35000000	12.641568405650
0.00800000	-0.30000000	10.041568405650
0.00800000	-0.25000000	7.841568405650
0.00800000	-0.20000000	6.041568405650
0.00800000	-0.15000000	4.641568405650
0.00800000	-0.10000000	3.641568405650
0.00800000	-0.05000000	3.041568405650
0.00800000	0.00000000	2.841568405650
0.00800000	0.05000000	3.041568405650
0.00800000	0.10000000	3.641568405650
0.00800000	0.15000000	4.641568405650
0.00800000	0.20000000	6.041568405650
0.00800000	0.25000000	7.841568405650
0.00800000	0.30000000	10.041568405650
0.00800000	0.35000000	12.641568405650
0.00800000	0.40000000	15.641568405650
0.00800000	0.45000000	19.041568405650
0.00800000	0.50000000	22.841568405650
0.00850000	-0.50000000	23.676499392081
0.00850000	-0.45000000	19.876499392081
0.00850000	-0.40000000	16.476499392081
0.00850000	-0.35000000	13.476499392081
0.00850000	-0.30000000	10.876499392081
0.00850000	-0.25000000	8.676499392081
0.00850000	-0.20000000	6.876499392081
0.00850000	-0.15000000	5.476499392081
0.00850000	-0.10000000	4.476499392081
0.00850000	-0.05000000	3.876499392081
0.00850000	0.00000000	3.676499392081
0.00850000	0.05000000	3.876499392081
0.00850000	0.10000000	4.476499392081
0.00850000	0.15000000	5.476499392081
0.00850000	0.20000000	6.876499392081
0.00850000	0.25000000	8.676499392081
0.00850000	0.30000000	10.876499392081
0.00850000	0.35000000	13.476499392081
0.00850000	0.40000000	16.476499392081
0.00850000	0.45000000	19.876499392081
0.00850000	0.50000000	23.676499392081
0.00900000	-0.50000000	24.681388355555
0.00900000	-0.45000000	20.881388355555
0.00900000	-0.40000000	17.481388355555
0.00900000	-0.35000000	14.481388355555
0.00900000	-0.30000000	11.881388355555
0.00900000	-0.25000000	9.681388355555
0.00900000	-0.20000000	7.881388355555
0.00900000	-0.15000000	6.481388355555
0.00900000	-0.10000000	5.481388355555
0.00900000	-0.05000000	4.881388355555
0.00900000	0.00000000	4.681388355555
0.00900000	0.05000000	4.881388355555
0.00900000	0.10000000	5.481388355555
0.00900000	0.15000000	6.481388355555
0.00900000	0.20000000	7.881388355555
0.00900000	0.25000000	9.681388355555
0.00900000	0.30000000	11.881388355555
0.00900000	0.35000000	14.481388355555
0.00900000	0.40000000	17.481388355555
0.00900000	0.45000000	20.881388355555
0.00900000	0.50000000	24.681388355555
0.00950000	-0.50000000	25.873318709273
0.00950000	-0.45000000	22.073318709273
0.00950000	-0.40000000	18.673318709273
0.00950000	-0.35000000	15.673318709273
0.00950000	-0.30000000	13.073318709273
0.00950000	-0.25000000	10.873318709273
0.00950000	-0.20000000	9.073318709273
0.00950000	-0.15000000	7.673318709273
0.00950000	-0.10000000	6.673318709273
0.00950000	-0.05000000	6.073318709273
0.00950000	0.00000000	5.873318709273
0.00950000	0.05000000	6.073318709273
0.00950000	0.10000000	6.673318709273
0.00950000	0.15000000	7.673318709273
0.00950000	0.20000000	9.073318709273
0.00950000	0.25000000	10.873318709273
0.00950000	0.30000000	13.073318709273
0.00950000	0.35000000	15.673318709273
0.00950000	0.40000000	18.673318709273
0.00950000	0.45000000	22.073318709273
0.00950000	0.50000000	25.873318709273
0.01000000	-0.50000000	27.270134344801
0.01000000	-0.45000000	23.470134344801
0.01000000	-0.40000000	20.070134344801
0.01000000	-0.35000000	17.070134344801
0.01000000	-0.30000000	14.470134344801
0.01000000	-0.25000000	12.270134344801
0.01000000	-0.20000000	10.470134344801
0.01000000	-0.15000000	9.070134344801
0.01000000	-0.10000000	8.070134344801
0.01000000	-0.05000000	7.470134344801
0.01000000	0.00000000	7.270134344801
0.01000000	0.05000000	7.470134344801
0.01000000	0.10000000	8.070134344801
0.01000000	0.15000000	9.070134344801
0.01000000	0.20000000	10.470134344801
0.01000000	0.25000000	12.270134344801
0.01000000	0.30000000	14.470134344801
0.01000000	0.35000000	17.070134344801
0.01000000	0.40000000	20.070134344801
0.01000000	0.45000000	23.470134344801
0.01000000	0.50000000	27.270134344801
