-0.020	-0.500	117.468590502083
-0.020	-0.450	113.668590502083
-0.020	-0.400	110.268590502083
-0.020	-0.350	107.268590502083
-0.020	-0.300	104.668590502083
-0.020	-0.250	102.468590502083
-0.020	-0.200	100.668590502083
-0.020	-0.150	99.268590502083
-0.020	-0.100	98.268590502083
-0.020	-0.050	97.668590502083
-0.020	0.000	97.468590502083
-0.020	0.050	97.668590502083
-0.020	0.100	98.268590502083
-0.020	0.150	99.268590502083
-0.020	0.200	100.668590502083
-0.020	0.250	102.468590502083
-0.020	0.300	104.668590502083
-0.020	0.350	107.268590502083
-0.020	0.400	110.268590502083
-0.020	0.450	113.668590502083
-0.020	0.500	117.468590502083
-0.018	-0.500	86.975901693762
-0.018	-0.450	83.175901693762
-0.018	-0.400	79.775901693762
-0.018	-0.350	76.775901693762
-0.018	-0.300	74.175901693762
-0.018	-0.250	71.975901693762
-0.018	-0.200	70.175901693762
-0.018	-0.150	68.775901693762
-0.018	-0.100	67.775901693762
-0.018	-0.050	67.175901693762
-0.018	0.000	66.975901693762
-0.018	0.050	67.175901693762
-0.018	0.100	67.775901693762
-0.018	0.150	68.775901693762
-0.018	0.200	70.175901693762
-0.018	0.250	71.975901693762
-0.018	0.300	74.175901693762
-0.018	0.350	76.775901693762
-0.018	0.400	79.775901693762
-0.018	0.450	83.175901693762
-0.018	0.500	86.975901693762
-0.016	-0.500	63.436932769496
-0.016	-0.450	59.636932769496
-0.016	-0.400	56.236932769496
-0.016	-0.350	53.236932769496
-0.016	-0.300	50.636932769496
-0.016	-0.250	48.436932769496
-0.016	-0.200	46.636932769496
-0.016	-0.150	45.236932769496
-0.016	-0.100	44.236932769496
-0.016	-0.050	43.636932769496
-0.016	0.000	43.436932769496
-0.016	0.050	43.636932769496
-0.016	0.100	44.236932769496
-0.016	0.150	45.236932769496
-0.016	0.200	46.636932769496
-0.016	0.250	48.436932769496
-0.016	0.300	50.636932769496
-0.016	0.350	53.236932769496
-0.016	0.400	56.236932769496
-0.016	0.450	59.636932769496
-0.016	0.500	63.436932769496
-0.014	-0.500	46.134910531918
-0.014	-0.450	42.334910531918
-0.014	-0.400	38.934910531918
-0.014	-0.350	35.934910531918
-0.014	-0.300	33.334910531918
-0.014	-0.250	31.134910531918
-0.014	-0.200	29.334910531918
-0.014	-0.150	27.934910531918
-0.014	-0.100	26.934910531918
-0.014	-0.050	26.334910531918
-0.014	0.000	26.134910531918
-0.014	0.050	26.334910531918
-0.014	0.100	26.934910531918
-0.014	0.150	27.934910531918
-0.014	0.200	29.334910531918
-0.014	0.250	31.134910531918
-0.014	0.300	33.334910531918
-0.014	0.350	35.934910531918
-0.014	0.400	38.934910531918
-0.014	0.450	42.334910531918
-0.014	0.500	46.134910531918
-0.012	-0.500	34.228313106148
-0.012	-0.450	30.428313106148
-0.012	-0.400	27.028313106148
-0.012	-0.350	24.028313106148
-0.012	-0.300	21.428313106148
-0.012	-0.250	19.228313106148
-0.012	-0.200	17.428313106148
-0.012	-0.150	16.028313106148
-0.012	-0.100	15.028313106148
-0.012	-0.050	14.428313106148
-0.012	0.000	14.228313106148
-0.012	0.050	14.428313106148
-0.012	0.100	15.028313106148
-0.012	0.150	16.028313106148
-0.012	0.200	17.428313106148
-0.012	0.250	19.228313106148
-0.012	0.300	21.428313106148
-0.012	0.350	24.028313106148
-0.012	0.400	27.028313106148
-0.012	0.450	30.428313106148
-0.012	0.500	34.228313106148
-0.010	-0.500	26.754955162792
-0.010	-0.450	22.954955162792
-0.010	-0.400	19.554955162792
-0.010	-0.350	16.554955162792
-0.010	-0.300	13.954955162792
-0.010	-0.250	11.754955162792
-0.010	-0.200	9.954955162792
-0.010	-0.150	8.554955162792
-0.010	-0.100	7.554955162792
-0.010	-0.050	6.954955162792
-0.010	0.000	6.754955162792
-0.010	0.050	6.954955162792
-0.010	0.100	7.554955162792
-0.010	0.150	8.554955162792
-0.010	0.200	9.954955162792
-0.010	0.250	11.754955162792
-0.010	0.300	13.954955162792
-0.010	0.350	16.554955162792
-0.010	0.400	19.554955162792
-0.010	0.450	22.954955162792
-0.010	0.500	26.754955162792
-0.008	-0.500	22.653168122522
-0.008	-0.450	18.853168122522
-0.008	-0.400	15.453168122522
-0.008	-0.350	12.453168122522
-0.008	-0.300	9.853168122522
-0.008	-0.250	7.653168122522
-0.008	-0.200	5.853168122522
-0.008	-0.150	4.453168122522
-0.008	-0.100	3.453168122522
-0.008	-0.050	2.853168122522
-0.008	0.000	2.653168122522
-0.008	0.050	2.853168122522
-0.008	0.100	3.453168122522
-0.008	0.150	4.453168122522
-0.008	0.200	5.853168122522
-0.008	0.250	7.653168122522
-0.008	0.300	9.853168122522
-0.008	0.350	12.453168122522
-0.008	0.400	15.453168122522
-0.008	0.450	18.853168122522
-0.008	0.500	22.653168122522
-0.006	-0.500	20.820598607152
-0.006	-0.450	17.020598607152
-0.006	-0.400	13.620598607152
-0.006	-0.350	10.620598607152
-0.006	-0.300	8.020598607152
-0.006	-0.250	5.820598607152
-0.006	-0.200	4.020598607152
-0.006	-0.150	2.620598607152
-0.006	-0.100	1.620598607152
-0.006	-0.050	1.020598607152
-0.006	0.000	0.820598607152
-0.006	0.050	1.020598607152
-0.006	0.100	1.620598607152
-0.006	0.150	2.620598607152
-0.006	0.200	4.020598607152
-0.006	0.250	5.820598607152
-0.006	0.300	8.020598607152
-0.006	0.350	10.620598607152
-0.006	0.400	13.620598607152
-0.006	0.450	17.020598607152
-0.006	0.500	20.820598607152
-0.004	-0.500	20.224584206713
-0.004	-0.450	16.424584206713
-0.004	-0.400	13.024584206713
-0.004	-0.350	10.024584206713
-0.004	-0.300	7.424584206713
-0.004	-0.250	5.224584206713
-0.004	-0.200	3.424584206713
-0.004	-0.150	2.024584206713
-0.004	-0.100	1.024584206713
-0.004	-0.050	0.424584206713
-0.004	0.000	0.224584206713
-0.004	0.050	0.424584206713
-0.004	0.100	1.024584206713
-0.004	0.150	2.024584206713
-0.004	0.200	3.424584206713
-0.004	0.250	5.224584206713
-0.004	0.300	7.424584206713
-0.004	0.350	10.024584206713
-0.004	0.400	13.024584206713
-0.004	0.450	16.424584206713
-0.004	0.500	20.224584206713
-0.002	-0.500	20.069281986358
-0.002	-0.450	16.269281986358
-0.002	-0.400	12.869281986358
-0.002	-0.350	9.869281986358
-0.002	-0.300	7.269281986358
-0.002	-0.250	5.069281986358
-0.002	-0.200	3.269281986358
-0.002	-0.150	1.869281986358
-0.002	-0.100	0.869281986358
-0.002	-0.050	0.269281986358
-0.002	0.000	0.069281986358
-0.002	0.050	0.269281986358
-0.002	0.100	0.869281986358
-0.002	0.150	1.869281986358
-0.002	0.200	3.269281986358
-0.002	0.250	5.069281986358
-0.002	0.300	7.269281986358
-0.002	0.350	9.869281986358
-0.002	0.400	12.869281986358
-0.002	0.450	16.269281986358
-0.002	0.500	20.069281986358
0.000	-0.500	20.000000000000
0.000	-0.450	16.200000000000
0.000	-0.400	12.800000000000
0.000	-0.350	9.800000000000
0.000	-0.300	7.200000000000
0.000	-0.250	5.000000000000
0.000	-0.200	3.200000000000
0.000	-0.150	1.800000000000
0.000	-0.100	0.800000000000
0.000	-0.050	0.200000000000
0.000	0.000	0.000000000000
0.000	0.050	0.200000000000
0.000	0.100	0.800000000000
0.000	0.150	1.800000000000
0.000	0.200	3.200000000000
0.000	0.250	5.000000000000
0.000	0.300	7.200000000000
0.000	0.350	9.800000000000
0.000	0.400	12.800000000000
0.000	0.450	16.200000000000
0.000	0.500	20.000000000000
0.002	-0.500	20.250498017564
0.002	-0.450	16.450498017564
0.002	-0.400	13.050498017564
0.002	-0.350	10.050498017564
0.002	-0.300	7.450498017564
0.002	-0.250	5.250498017564
0.002	-0.200	3.450498017564
0.002	-0.150	2.050498017564
0.002	-0.100	1.050498017564
0.002	-0.050	0.450498017564
0.002	0.000	0.250498017564
0.002	0.050	0.450498017564
0.002	0.100	1.050498017564
0.002	0.150	2.050498017564
0.002	0.200	3.450498017564
0.002	0.250	5.250498017564
0.002	0.300	7.450498017564
0.002	0.350	10.050498017564
0.002	0.400	13.050498017564
0.002	0.450	16.450498017564
0.002	0.500	20.250498017564
0.004	-0.500	21.625952741566
0.004	-0.450	17.825952741566
0.004	-0.400	14.425952741566
0.004	-0.350	11.425952741566
0.004	-0.300	8.825952741566
0.004	-0.250	6.625952741566
0.004	-0.200	4.825952741566
0.004	-0.150	3.425952741566
0.004	-0.100	2.425952741566
0.004	-0.050	1.825952741566
0.004	0.000	1.625952741566
0.004	0.050	1.825952741566
0.004	0.100	2.425952741566
0.004	0.150	3.425952741566
0.004	0.200	4.825952741566
0.004	0.250	6.625952741566
0.004	0.300	8.825952741566
0.004	0.350	11.425952741566
0.004	0.400	14.425952741566
0.004	0.450	17.825952741566
0.004	0.500	21.625952741566
0.006	-0.500	25.314698206282
0.006	-0.450	21.514698206282
0.006	-0.400	18.114698206282
0.006	-0.350	15.114698206282
0.006	-0.300	12.514698206282
0.006	-0.250	10.314698206282
0.006	-0.200	8.514698206282
0.006	-0.150	7.114698206282
0.006	-0.100	6.114698206282
0.006	-0.050	5.514698206282
0.006	0.000	5.314698206282
0.006	0.050	5.514698206282
0.006	0.100	6.114698206282
0.006	0.150	7.114698206282
0.006	0.200	8.514698206282
0.006	0.250	10.314698206282
0.006	0.300	12.514698206282
0.006	0.350	15.114698206282
0.006	0.400	18.114698206282
0.006	0.450	21.514698206282
0.006	0.500	25.314698206282
0.008	-0.500	32.642444941753
0.008	-0.450	28.842444941753
0.008	-0.400	25.442444941753
0.008	-0.350	22.442444941753
0.008	-0.300	19.842444941753
0.008	-0.250	17.642444941753
0.008	-0.200	15.842444941753
0.008	-0.150	14.442444941753
0.008	-0.100	13.442444941753
0.008	-0.050	12.842444941753
0.008	0.000	12.642444941753
0.008	0.050	12.842444941753
0.008	0.100	13.442444941753
0.008	0.150	14.442444941753
0.008	0.200	15.842444941753
0.008	0.250	17.642444941753
0.008	0.300	19.842444941753
0.008	0.350	22.442444941753
0.008	0.400	25.442444941753
0.008	0.450	28.842444941753
0.008	0.500	32.642444941753
0.010	-0.500	44.882700702697
0.010	-0.450	41.082700702697
0.010	-0.400	37.682700702697
0.010	-0.350	34.682700702697
0.010	-0.300	32.082700702697
0.010	-0.250	29.882700702697
0.010	-0.200	28.082700702697
0.010	-0.150	26.682700702697
0.010	-0.100	25.682700702697
0.010	-0.050	25.082700702697
0.010	0.000	24.882700702697
0.010	0.050	25.082700702697
0.010	0.100	25.682700702697
0.010	0.150	26.682700702697
0.010	0.200	28.082700702697
0.010	0.250	29.882700702697
0.010	0.300	32.082700702697
0.010	0.350	34.682700702697
0.010	0.400	37.682700702697
0.010	0.450	41.082700702697
0.010	0.500	44.882700702697
0.012	-0.500	63.154726039902
0.012	-0.450	59.354726039902
0.012	-0.400	55.954726039902
0.012	-0.350	52.954726039902
0.012	-0.300	50.354726039902
0.012	-0.250	48.154726039902
0.012	-0.200	46.354726039902
0.012	-0.150	44.954726039902
0.012	-0.100	43.954726039902
0.012	-0.050	43.354726039902
0.012	0.000	43.154726039902
0.012	0.050	43.354726039902
0.012	0.100	43.954726039902
0.012	0.150	44.954726039902
0.012	0.200	46.354726039902
0.012	0.250	48.154726039902
0.012	0.300	50.354726039902
0.012	0.350	52.954726039902
0.012	0.400	55.954726039902
0.012	0.450	59.354726039902
0.012	0.500	63.154726039902
0.014	-0.500	88.393421167773
0.014	-0.450	84.593421167773
0.014	-0.400	81.193421167773
0.014	-0.350	78.193421167773
0.014	-0.300	75.593421167773
0.014	-0.250	73.393421167773
0.014	-0.200	71.593421167773
0.014	-0.150	70.193421167773
0.014	-0.100	69.193421167773
0.014	-0.050	68.593421167773
0.014	0.000	68.393421167773
0.014	0.050	68.593421167773
0.014	0.100	69.193421167773
0.014	0.150	70.193421167773
0.014	0.200	71.593421167773
0.014	0.250	73.393421167773
0.014	0.300	75.593421167773
0.014	0.350	78.193421167773
0.014	0.400	81.193421167773
0.014	0.450	84.593421167773
0.014	0.500	88.393421167773
0.016	-0.500	121.353282577174
0.016	-0.450	117.553282577174
0.016	-0.400	114.153282577174
0.016	-0.350	111.153282577174
0.016	-0.300	108.553282577174
0.016	-0.250	106.353282577174
0.016	-0.200	104.553282577174
0.016	-0.150	103.153282577174
0.016	-0.100	102.153282577174
0.016	-0.050	101.553282577174
0.016	0.000	101.353282577174
0.016	0.050	101.553282577174
0.016	0.100	102.153282577174
0.016	0.150	103.153282577174
0.016	0.200	104.553282577174
0.016	0.250	106.353282577174
0.016	0.300	108.553282577174
0.016	0.350	111.153282577174
0.016	0.400	114.153282577174
0.016	0.450	117.553282577174
0.016	0.500	121.353282577174
0.018	-0.500	162.626352599358
0.018	-0.450	158.826352599358
0.018	-0.400	155.426352599358
0.018	-0.350	152.426352599358
0.018	-0.300	149.826352599357
0.018	-0.250	147.626352599358
0.018	-0.200	145.826352599357
0.018	-0.150	144.426352599358
0.018	-0.100	143.426352599357
0.018	-0.050	142.826352599358
0.018	0.000	142.626352599358
0.018	0.050	142.826352599358
0.018	0.100	143.426352599357
0.018	0.150	144.426352599358
0.018	0.200	145.826352599357
0.018	0.250	147.626352599358
0.018	0.300	149.826352599357
0.018	0.350	152.426352599358
0.018	0.400	155.426352599358
0.018	0.450	158.826352599358
0.018	0.500	162.626352599358
0.020	-0.500	212.671310107946
0.020	-0.450	208.871310107946
0.020	-0.400	205.471310107946
0.020	-0.350	202.471310107946
0.020	-0.300	199.871310107946
0.020	-0.250	197.671310107946
0.020	-0.200	195.871310107946
0.020	-0.150	194.471310107946
0.020	-0.100	193.471310107946
0.020	-0.050	192.871310107946
0.020	0.000	192.671310107946
0.020	0.050	192.871310107946
0.020	0.100	193.471310107946
0.020	0.150	194.471310107946
0.020	0.200	195.871310107946
0.020	0.250	197.671310107946
0.020	0.300	199.871310107946
0.020	0.350	202.471310107946
0.020	0.400	205.471310107946
0.020	0.450	208.871310107946
0.020	0.500	212.671310107946
