-0.0200000	-0.5000000	890.616913523908
-0.0200000	-0.4750000	810.402724986464
-0.0200000	-0.4500000	734.616846060095
-0.0200000	-0.4250000	663.231539210886
-0.0200000	-0.4000000	596.221877359703
-0.0200000	-0.3750000	533.565362151018
-0.0200000	-0.3500000	475.241606434758
-0.0200000	-0.3250000	421.232068212331
-0.0200000	-0.3000000	371.519826190796
-0.0200000	-0.2750000	326.089389248750
-0.0200000	-0.2500000	284.926533747972
-0.0200000	-0.2250000	248.018163868755
-0.0200000	-0.2000000	215.352191104941
-0.0200000	-0.1750000	186.917429799353
-0.0200000	-0.1500000	162.703506183903
-0.0200000	-0.1250000	142.700778849679
-0.0200000	-0.1000000	126.900268939069
-0.0200000	-0.0750000	115.293598645886
-0.0200000	-0.0500000	107.872936846438
-0.0200000	-0.0250000	104.630950876696
-0.0200000	0.0000000	105.560763627656
-0.0200000	0.0250000	110.655915259652
-0.0200000	0.0500000	119.910328942543
-0.0200000	0.0750000	133.318280116660
-0.0200000	0.1000000	150.874368842635
-0.0200000	0.1250000	172.573494869464
-0.0200000	0.1500000	198.410835101628
-0.0200000	0.1750000	228.381823189406
-0.0200000	0.2000000	262.482131003275
-0.0200000	0.2250000	300.707651784431
-0.0200000	0.2500000	343.054484790071
-0.0200000	0.2750000	389.518921274791
-0.0200000	0.3000000	440.097431668985
-0.0200000	0.3250000	494.786653831909
-0.0200000	0.3500000	553.583382271563
-0.0200000	0.3750000	616.484558236111
-0.0200000	0.4000000	683.487260592442
-0.0200000	0.4250000	754.588697416958
-0.0200000	0.4500000	829.786198231952
-0.0200000	0.4750000	909.077206828172
-0.0200000	0.5000000	992.459274620519
-0.0190000	-0.5000000	878.842869174111
-0.0190000	-0.4750000	798.322584870262
-0.0190000	-0.4500000	722.229957721723
-0.0190000	-0.4250000	650.537304683925
-0.0190000	-0.4000000	583.219748076630
-0.0190000	-0.3750000	520.254834438384
-0.0190000	-0.3500000	461.622217512836
-0.0190000	-0.3250000	407.303392631304
-0.0190000	-0.3000000	357.281472646278
-0.0190000	-0.2750000	311.540997728201
-0.0190000	-0.2500000	270.067772966806
-0.0190000	-0.2250000	232.848728960931
-0.0190000	-0.2000000	199.871801537809
-0.0190000	-0.1750000	171.125827486726
-0.0190000	-0.1500000	146.600453774854
-0.0190000	-0.1250000	126.286058173510
-0.0190000	-0.1000000	110.173679589464
-0.0190000	-0.0750000	98.254956689406
-0.0190000	-0.0500000	90.522073642336
-0.0190000	-0.0250000	86.967711996647
-0.0190000	0.0000000	87.585007865347
-0.0190000	0.0250000	92.367513721340
-0.0190000	0.0500000	101.309164210736
-0.0190000	0.0750000	114.404245479950
-0.0190000	0.1000000	131.647367585470
-0.0190000	0.1250000	153.033439616361
-0.0190000	0.1500000	178.557647210872
-0.0190000	0.1750000	208.215432191837
-0.0190000	0.2000000	242.002474082207
-0.0190000	0.2250000	279.914673293145
-0.0190000	0.2500000	321.948135803689
-0.0190000	0.2750000	368.099159173654
-0.0190000	0.3000000	418.364219750932
-0.0190000	0.3250000	472.739960951105
-0.0190000	0.3500000	531.223182501747
-0.0190000	0.3750000	593.810830556335
-0.0190000	0.4000000	660.499988593543
-0.0190000	0.4250000	731.287869027171
-0.0190000	0.4500000	806.171805460206
-0.0190000	0.4750000	885.149245523749
-0.0190000	0.5000000	968.217744247858
-0.0180000	-0.5000000	868.874740695422
-0.0180000	-0.4750000	788.064255523280
-0.0180000	-0.4500000	711.680723766297
-0.0180000	-0.4250000	639.696521434094
-0.0180000	-0.4000000	572.086824280201
-0.0180000	-0.3750000	508.829227319923
-0.0180000	-0.3500000	449.903428385134
-0.0180000	-0.3250000	395.290962996442
-0.0180000	-0.3000000	344.974980720319
-0.0180000	-0.2750000	298.940055334003
-0.0180000	-0.2500000	257.172022747998
-0.0180000	-0.2250000	219.657841877113
-0.0180000	-0.2000000	186.385474606877
-0.0180000	-0.1750000	157.343781745052
-0.0180000	-0.1500000	132.522432430111
-0.0180000	-0.1250000	111.911824928355
-0.0180000	-0.1000000	95.503017117158
-0.0180000	-0.0750000	83.287665244904
-0.0180000	-0.0500000	75.257969794473
-0.0180000	-0.0250000	71.406627468815
-0.0180000	0.0000000	71.726788473593
-0.0180000	0.0250000	76.212018400137
-0.0180000	0.0500000	84.856264117813
-0.0180000	0.0750000	97.653823172552
-0.0180000	0.1000000	114.599316261287
-0.0180000	0.1250000	135.687662413091
-0.0180000	0.1500000	160.914056559064
-0.0180000	0.1750000	190.273949216211
-0.0180000	0.2000000	223.763028047155
-0.0180000	0.2250000	261.377201088570
-0.0180000	0.2500000	303.112581467711
-0.0180000	0.2750000	348.965473449083
-0.0180000	0.3000000	398.932359672680
-0.0180000	0.3250000	453.009889462015
-0.0180000	0.3500000	511.194868094533
-0.0180000	0.3750000	573.484246939559
-0.0180000	0.4000000	639.875114379739
-0.0180000	0.4250000	710.364687441395
-0.0180000	0.4500000	784.950304067456
-0.0180000	0.4750000	863.629415973834
-0.0180000	0.5000000	946.399582036404
-0.0170000	-0.5000000	860.603439053469
-0.0170000	-0.4750000	779.518794882484
-0.0170000	-0.4500000	702.860345252602
-0.0170000	-0.4250000	630.600530327789
-0.0170000	-0.4000000	562.714583773497
-0.0170000	-0.3750000	499.180153033568
-0.0170000	-0.3500000	439.976983531460
-0.0170000	-0.3250000	385.086654096076
-0.0170000	-0.3000000	334.492353795576
-0.0170000	-0.2750000	288.178692514648
-0.0170000	-0.2500000	246.131539235286
-0.0170000	-0.2250000	208.337883220413
-0.0170000	-0.2000000	174.785714254022
-0.0170000	-0.1750000	145.463918833252
-0.0170000	-0.1500000	120.362189788991
-0.0170000	-0.1250000	99.470947270611
-0.0170000	-0.1000000	82.781269395674
-0.0170000	-0.0750000	70.284831157936
-0.0170000	-0.0500000	61.973850422922
-0.0170000	-0.0250000	57.841040031606
-0.0170000	0.0000000	57.879565188915
-0.0170000	0.0250000	62.083005441802
-0.0170000	0.0500000	70.445320657237
-0.0170000	0.0750000	82.960820497994
-0.0170000	0.1000000	99.624136966924
-0.0170000	0.1250000	120.430199651349
-0.0170000	0.1500000	145.374213350335
-0.0170000	0.1750000	174.451637810736
-0.0170000	0.2000000	207.658169334401
-0.0170000	0.2250000	244.989724049909
-0.0170000	0.2500000	286.442422668665
-0.0170000	0.2750000	332.012576567732
-0.0170000	0.3000000	381.696675061224
-0.0170000	0.3250000	435.491373738722
-0.0170000	0.3500000	493.393483763612
-0.0170000	0.3750000	555.399962036702
-0.0170000	0.4000000	621.507902141309
-0.0170000	0.4250000	691.714525995404
-0.0170000	0.4500000	766.017176144662
-0.0170000	0.4750000	844.413308637419
-0.0170000	0.5000000	926.900486428850
-0.0160000	-0.5000000	853.911535802580
-0.0160000	-0.4750000	772.568907569671
-0.0160000	-0.4500000	695.651662468846
-0.0160000	-0.4250000	623.132309518831
-0.0160000	-0.4000000	554.986144436549
-0.0160000	-0.3750000	491.190870757217
-0.0160000	-0.3500000	431.726284751016
-0.0160000	-0.3250000	376.574011459627
-0.0160000	-0.3000000	325.717282054197
-0.0160000	-0.2750000	279.140744864718
-0.0160000	-0.2500000	236.830304052597
-0.0160000	-0.2250000	198.772981135232
-0.0160000	-0.2000000	164.956795524051
-0.0160000	-0.1750000	135.370660977848
-0.0160000	-0.1500000	110.004295453284
-0.0160000	-0.1250000	88.848142292618
-0.0160000	-0.1000000	71.893301053173
-0.0160000	-0.0750000	59.131466575014
-0.0160000	-0.0500000	50.554875118725
-0.0160000	-0.0250000	46.156256596075
-0.0160000	0.0000000	45.928792072196
-0.0160000	0.0250000	49.866075845643
-0.0160000	0.0500000	57.962081518114
-0.0160000	0.0750000	70.211131552887
-0.0160000	0.1000000	86.607869893751
-0.0160000	0.1250000	107.147237276925
-0.0160000	0.1500000	131.824448919567
-0.0160000	0.1750000	160.634974311415
-0.0160000	0.2000000	193.574518872564
-0.0160000	0.2250000	230.639007271300
-0.0160000	0.2500000	271.824568222242
-0.0160000	0.2750000	317.127520607624
-0.0160000	0.3000000	366.544360783877
-0.0160000	0.3250000	420.071750952296
-0.0160000	0.3500000	477.706508486988
-0.0160000	0.3750000	539.445596125706
-0.0160000	0.4000000	605.286112939970
-0.0160000	0.4250000	675.225286010295
-0.0160000	0.4500000	749.260462740519
-0.0160000	0.4750000	827.389103752424
-0.0160000	0.5000000	909.608776308088
-0.0150000	-0.5000000	848.671824219369
-0.0150000	-0.4750000	767.087725885661
-0.0150000	-0.4500000	689.928135530327
-0.0150000	-0.4250000	617.165636923956
-0.0150000	-0.4000000	548.775592988829
-0.0150000	-0.3750000	484.735767880050
-0.0150000	-0.3500000	425.026012713184
-0.0150000	-0.3250000	369.628002289554
-0.0150000	-0.3000000	318.525013042650
-0.0150000	-0.2750000	271.701734572946
-0.0150000	-0.2500000	229.144108756786
-0.0150000	-0.2250000	190.839191649312
-0.0150000	-0.2000000	156.775034352024
-0.0150000	-0.1750000	126.940579754214
-0.0150000	-0.1500000	101.325572636301
-0.0150000	-0.1250000	79.920481080213
-0.0150000	-0.1000000	62.716427495561
-0.0150000	-0.0750000	49.705127861658
-0.0150000	-0.0500000	40.878838020220
-0.0150000	-0.0250000	36.230306044131
-0.0150000	0.0000000	35.752729862999
-0.0150000	0.0250000	39.439719453743
-0.0150000	0.0500000	47.285263009540
-0.0150000	0.0750000	59.283696587563
-0.0150000	0.1000000	75.429676808422
-0.0150000	0.1250000	95.718156240861
-0.0150000	0.1500000	120.144361156125
-0.0150000	0.1750000	148.703771379364
-0.0150000	0.2000000	181.392102001698
-0.0150000	0.2250000	218.205286747473
-0.0150000	0.2500000	259.139462817457
-0.0150000	0.2750000	304.190957051270
-0.0150000	0.3000000	353.356273271585
-0.0150000	0.3250000	406.632080689260
-0.0150000	0.3500000	464.015203262895
-0.0150000	0.3750000	525.502609918686
-0.0150000	0.4000000	591.091405547243
-0.0150000	0.4250000	660.778822703395
-0.0150000	0.4500000	734.562213943174
-0.0150000	0.4750000	812.439044739346
-0.0150000	0.5000000	894.406886923087
-0.0140000	-0.5000000	844.750398663126
-0.0140000	-0.4750000	762.941485216532
-0.0140000	-0.4500000	685.556146985636
-0.0140000	-0.4250000	612.567047632590
-0.0140000	-0.4000000	543.949621785872
-0.0140000	-0.3750000	479.681698182346
-0.0140000	-0.3500000	419.743186287107
-0.0140000	-0.3250000	364.115813774181
-0.0140000	-0.3000000	312.782905116402
-0.0140000	-0.2750000	265.729193671446
-0.0140000	-0.2500000	222.940661265333
-0.0140000	-0.2250000	184.404400505976
-0.0140000	-0.2000000	150.108496007556
-0.0140000	-0.1750000	120.041921443288
-0.0140000	-0.1500000	94.194449921463
-0.0140000	-0.1250000	72.556575635541
-0.0140000	-0.1000000	55.119445101765
-0.0140000	-0.0750000	41.874796588255
-0.0140000	-0.0500000	32.814906573742
-0.0140000	-0.0250000	27.932542264092
-0.0140000	0.0000000	27.220919349721
-0.0140000	0.0250000	30.673664314151
-0.0140000	0.0500000	38.284780708747
-0.0140000	0.0750000	50.048618895546
-0.0140000	0.1000000	65.959848832367
-0.0140000	0.1250000	86.013435534828
-0.0140000	0.1500000	110.204616900669
-0.0140000	0.1750000	138.528883624534
-0.0140000	0.2000000	170.981960967598
-0.0140000	0.2250000	207.559792177153
-0.0140000	0.2500000	248.258523377498
-0.0140000	0.2750000	293.074489775876
-0.0140000	0.3000000	342.004203046440
-0.0140000	0.3250000	395.044339771790
-0.0140000	0.3500000	452.191730835881
-0.0140000	0.3750000	513.443351674501
-0.0140000	0.4000000	578.796313300234
-0.0140000	0.4250000	648.247854028159
-0.0140000	0.4500000	721.795331836700
-0.0140000	0.4750000	799.436217305170
-0.0140000	0.5000000	881.168087075777
-0.0130000	-0.5000000	842.004207329846
-0.0130000	-0.4750000	759.987513905423
-0.0130000	-0.4500000	682.393397115740
-0.0130000	-0.4250000	609.194606367988
-0.0130000	-0.4000000	540.366653111134
-0.0130000	-0.3750000	475.887435156075
-0.0130000	-0.3500000	415.736924282813
-0.0130000	-0.3250000	359.896904554338
-0.0130000	-0.3000000	308.350751614110
-0.0130000	-0.2750000	261.083245376509
-0.0130000	-0.2500000	218.080410129392
-0.0130000	-0.2250000	179.329377295581
-0.0130000	-0.2000000	144.818267045578
-0.0130000	-0.1750000	114.536085688449
-0.0130000	-0.1500000	88.472636343399
-0.0130000	-0.1250000	66.618440849171
-0.0130000	-0.1000000	48.964671229949
-0.0130000	-0.0750000	35.503089326104
-0.0130000	-0.0500000	26.225993431608
-0.0130000	-0.0250000	21.126170969336
-0.0130000	0.0000000	20.196856389968
-0.0130000	0.0250000	23.431693606955
-0.0130000	0.0500000	30.824702384477
-0.0130000	0.0750000	42.370248181926
-0.0130000	0.1000000	58.063015030474
-0.0130000	0.1250000	77.897981077570
-0.0130000	0.1500000	101.870396485792
-0.0130000	0.1750000	129.975763415100
-0.0130000	0.2000000	162.209817853663
-0.0130000	0.2250000	198.568513093073
-0.0130000	0.2500000	239.048004669847
-0.0130000	0.2750000	283.644636617530
-0.0130000	0.3000000	332.354928892812
-0.0130000	0.3250000	385.175565855619
-0.0130000	0.3500000	442.103385697337
-0.0130000	0.3750000	503.135370723679
-0.0130000	0.4000000	568.268638409404
-0.0130000	0.4250000	637.500433151374
-0.0130000	0.4500000	710.828118654613
-0.0130000	0.4750000	788.249170893071
-0.0130000	0.5000000	869.761171593088
-0.0120000	-0.5000000	840.283549195784
-0.0120000	-0.4750000	758.076476399056
-0.0120000	-0.4500000	680.290913743522
-0.0120000	-0.4250000	606.899702229268
-0.0120000	-0.4000000	537.878435229547
-0.0120000	-0.3750000	473.205084108731
-0.0120000	-0.3500000	412.859686913586
-0.0120000	-0.3250000	356.824087599269
-0.0120000	-0.3000000	305.081716099210
-0.0120000	-0.2750000	257.617401673634
-0.0120000	-0.2500000	214.417213575828
-0.0120000	-0.2250000	175.468324299005
-0.0120000	-0.2000000	140.758891608915
-0.0120000	-0.1750000	110.277956299562
-0.0120000	-0.1500000	84.015353183102
-0.0120000	-0.1250000	61.961633278014
-0.0120000	-0.1000000	44.107995520049
-0.0120000	-0.0750000	30.446226609086
-0.0120000	-0.0500000	20.968647837749
-0.0120000	-0.0250000	15.668067936387
-0.0120000	0.0000000	14.537741122987
-0.0120000	0.0250000	17.571329672883
-0.0120000	0.0500000	24.762870427270
-0.0120000	0.0750000	36.106744745791
-0.0120000	0.1000000	51.597651480289
-0.0120000	0.1250000	71.230582606851
-0.0120000	0.1500000	95.000801203683
-0.0120000	0.1750000	122.903821504866
-0.0120000	0.2000000	154.935390795973
-0.0120000	0.2250000	191.091472948108
-0.0120000	0.2500000	231.368233412931
-0.0120000	0.2750000	275.762025523515
-0.0120000	0.3000000	324.269377964959
-0.0120000	0.3250000	376.886983295149
-0.0120000	0.3500000	433.611687410217
-0.0120000	0.3750000	494.440479861536
-0.0120000	0.4000000	559.370484941771
-0.0120000	0.4250000	628.398953466742
-0.0120000	0.4500000	701.523255187986
-0.0120000	0.4750000	778.740871777960
-0.0120000	0.5000000	860.049390336040
-0.0110000	-0.5000000	839.430674386662
-0.0110000	-0.4750000	757.051026602878
-0.0110000	-0.4500000	679.091752550417
-0.0110000	-0.4250000	605.525790509633
-0.0110000	-0.4000000	536.328820757295
-0.0110000	-0.3750000	471.478892594149
-0.0110000	-0.3500000	410.956114211120
-0.0110000	-0.3250000	354.742392901779
-0.0110000	-0.3000000	302.821215965986
-0.0110000	-0.2750000	255.177464767379
-0.0110000	-0.2500000	211.797256005913
-0.0110000	-0.2250000	172.667805485842
-0.0110000	-0.2000000	137.777310598431
-0.0110000	-0.1750000	107.114848468172
-0.0110000	-0.1500000	80.670287282886
-0.0110000	-0.1250000	58.434208779455
-0.0110000	-0.1000000	40.397840215966
-0.0110000	-0.0750000	26.552994448659
-0.0110000	-0.0500000	16.892016963877
-0.0110000	-0.0250000	11.407738903300
-0.0110000	0.0000000	10.093435274092
-0.0110000	0.0250000	12.942787661468
-0.0110000	0.0500000	19.949850864888
-0.0110000	0.0750000	31.109022965051
-0.0110000	0.1000000	46.415018400393
-0.0110000	0.1250000	65.862843691624
-0.0110000	0.1500000	89.447775503036
-0.0110000	0.1750000	117.165340771677
-0.0110000	0.2000000	149.011298671276
-0.0110000	0.2250000	184.981624208263
-0.0110000	0.2500000	225.072493273135
-0.0110000	0.2750000	269.280268992620
-0.0110000	0.3000000	317.601489247088
-0.0110000	0.3250000	370.032855234062
-0.0110000	0.3500000	426.571220972788
-0.0110000	0.3750000	487.213583657076
-0.0110000	0.4000000	551.957074774235
-0.0110000	0.4250000	620.798951917155
-0.0110000	0.4500000	693.736591224673
-0.0110000	0.4750000	770.767480392384
-0.0110000	0.5000000	851.889212202267
-0.0100000	-0.5000000	839.281842630911
-0.0100000	-0.4750000	756.748007728009
-0.0100000	-0.4500000	678.633327127270
-0.0100000	-0.4250000	604.910843293554
-0.0100000	-0.4000000	535.556329411875
-0.0100000	-0.3750000	470.547917973239
-0.0100000	-0.3500000	409.865791935335
-0.0100000	-0.3250000	353.491926018435
-0.0100000	-0.3000000	301.409868522041
-0.0100000	-0.2750000	253.604556156601
-0.0100000	-0.2500000	210.062155976398
-0.0100000	-0.2250000	170.769929713777
-0.0100000	-0.2000000	135.716116749811
-0.0100000	-0.1750000	104.889832682963
-0.0100000	-0.1500000	78.280981026496
-0.0100000	-0.1250000	55.880176014843
-0.0100000	-0.1000000	37.678674856746
-0.0100000	-0.0750000	23.668318059292
-0.0100000	-0.0500000	13.841476677894
-0.0100000	-0.0250000	8.191005534506
-0.0100000	0.0000000	6.710201599102
-0.0100000	0.0250000	9.392766854780
-0.0100000	0.0500000	16.232775070120
-0.0100000	0.0750000	27.224641988039
-0.0100000	0.1000000	42.363098511626
-0.0100000	0.1250000	61.643166526981
-0.0100000	0.1500000	85.060137053126
-0.0100000	0.1750000	112.609550451181
-0.0100000	0.2000000	144.287178460693
-0.0100000	0.2250000	180.089007861297
-0.0100000	0.2500000	220.011225583702
-0.0100000	0.2750000	264.050205116109
-0.0100000	0.3000000	312.202494071066
-0.0100000	0.3250000	364.464802794119
-0.0100000	0.3500000	420.833993909664
-0.0100000	0.3750000	481.307072711583
-0.0100000	0.4000000	545.881178316840
-0.0100000	0.4250000	614.553575509400
-0.0100000	0.4500000	687.321647209862
-0.0100000	0.4750000	764.182887513227
-0.0100000	0.5000000	845.134895243376
-0.0090000	-0.5000000	839.671351552485
-0.0090000	-0.4750000	757.002179080141
-0.0090000	-0.4500000	678.750861803602
-0.0090000	-0.4250000	604.890552187474
-0.0090000	-0.4000000	535.397121429684
-0.0090000	-0.3750000	470.248789717764
-0.0090000	-0.3500000	409.425818775132
-0.0090000	-0.3250000	352.910254314958
-0.0090000	-0.3000000	300.685708831265
-0.0090000	-0.2750000	252.737177255855
-0.0090000	-0.2500000	209.050879594118
-0.0090000	-0.2250000	169.614125861267
-0.0090000	-0.2000000	134.415199571164
-0.0090000	-0.1750000	103.443256753075
-0.0090000	-0.1500000	76.688238038256
-0.0090000	-0.1250000	54.140791805746
-0.0090000	-0.1000000	35.792206732620
-0.0090000	-0.0750000	21.634352379096
-0.0090000	-0.0500000	11.659626668660
-0.0090000	-0.0250000	5.860909309825
-0.0090000	0.0000000	4.231520358177
-0.0090000	0.0250000	6.765183242111
-0.0090000	0.0500000	13.455991678493
-0.0090000	0.0750000	24.298379989678
-0.0090000	0.1000000	39.287096404245
-0.0090000	0.1250000	58.417178983111
-0.0090000	0.1500000	81.683933862440
-0.0090000	0.1750000	109.082915546774
-0.0090000	0.2000000	140.609909021289
-0.0090000	0.2250000	176.260913482258
-0.0090000	0.2500000	216.032127510515
-0.0090000	0.2750000	259.919935534681
-0.0090000	0.3000000	307.920895449788
-0.0090000	0.3250000	360.031727273177
-0.0090000	0.3500000	416.249302733519
-0.0090000	0.3750000	476.570635700990
-0.0090000	0.4000000	540.992873377102
-0.0090000	0.4250000	609.513288171888
-0.0090000	0.4500000	682.129270204131
-0.0090000	0.4750000	758.838320367280
-0.0090000	0.5000000	839.638043909879
-0.0080000	-0.5000000	840.431935836790
-0.0080000	-0.4750000	757.646971198098
-0.0080000	-0.4500000	679.278469125422
-0.0080000	-0.4250000	605.299698912882
-0.0080000	-0.4000000	535.686635745935
-0.0080000	-0.3750000	470.417592767134
-0.0080000	-0.3500000	409.472915120073
-0.0080000	-0.3250000	352.834723652378
-0.0080000	-0.3000000	300.486698755923
-0.0080000	-0.2750000	252.413896910600
-0.0080000	-0.2500000	208.602594074259
-0.0080000	-0.2250000	169.040151263748
-0.0080000	-0.2000000	133.714898597905
-0.0080000	-0.1750000	102.616034792850
-0.0080000	-0.1500000	75.733539663629
-0.0080000	-0.1250000	53.058097631517
-0.0080000	-0.1000000	34.581030590380
-0.0080000	-0.0750000	20.294238769183
-0.0080000	-0.0500000	10.190148456421
-0.0080000	-0.0250000	4.261665637718
-0.0080000	0.0000000	2.502134749162
-0.0080000	0.0250000	4.905301873071
-0.0080000	0.0500000	11.465281805197
-0.0080000	0.0750000	22.176528507175
-0.0080000	0.1000000	37.033808528593
-0.0080000	0.1250000	56.032177042055
-0.0080000	0.1500000	79.166956184172
-0.0080000	0.1750000	106.433715437152
-0.0080000	0.2000000	137.828253821020
-0.0080000	0.2250000	173.346583696501
-0.0080000	0.2500000	212.984916004206
-0.0080000	0.2750000	256.739646787595
-0.0080000	0.3000000	304.607344866013
-0.0080000	0.3250000	356.584740540207
-0.0080000	0.3500000	412.668715226703
-0.0080000	0.3750000	472.856291929460
-0.0080000	0.4000000	537.144626467740
-0.0080000	0.4250000	605.530999388187
-0.0080000	0.4500000	678.012808497127
-0.0080000	0.4750000	754.587561956011
-0.0080000	0.5000000	835.252871889032
-0.0070000	-0.5000000	841.398185603574
-0.0070000	-0.4750000	758.517579726359
-0.0070000	-0.4500000	680.051946201719
-0.0070000	-0.4250000	605.974677624842
-0.0070000	-0.4000000	536.261858867814
-0.0070000	-0.3750000	470.891901076696
-0.0070000	-0.3500000	409.845237311985
-0.0070000	-0.3250000	353.104067581524
-0.0070000	-0.3000000	300.652143796392
-0.0070000	-0.2750000	252.474587256715
-0.0070000	-0.2500000	208.557732841793
-0.0070000	-0.2250000	168.888995274644
-0.0070000	-0.2000000	133.456753751829
-0.0070000	-0.1750000	102.250251945004
-0.0070000	-0.1500000	75.259510941310
-0.0070000	-0.1250000	52.475253132467
-0.0070000	-0.1000000	33.888835414723
-0.0070000	-0.0750000	19.492190343891
-0.0070000	-0.0500000	9.277774117205
-0.0070000	-0.0250000	3.238520438213
-0.0070000	0.0000000	1.367799471417
-0.0070000	0.0250000	3.659381216864
-0.0070000	0.0500000	10.107402736645
-0.0070000	0.0750000	20.706338749625
-0.0070000	0.1000000	35.450975180920
-0.0070000	0.1250000	54.336385311320
-0.0070000	0.1500000	77.357908221167
-0.0070000	0.1750000	104.511129264717
-0.0070000	0.2000000	135.791862346184
-0.0070000	0.2250000	171.196133798517
-0.0070000	0.2500000	210.720167691426
-0.0070000	0.2750000	254.360372416912
-0.0070000	0.3000000	302.113328419265
-0.0070000	0.3250000	353.975776952522
-0.0070000	0.3500000	409.944609762292
-0.0070000	0.3750000	470.016859600829
-0.0070000	0.4000000	534.189691494663
-0.0070000	0.4250000	602.460394693192
-0.0070000	0.4500000	674.826375234511
-0.0070000	0.4750000	751.285149071716
-0.0070000	0.5000000	831.834335708955
-0.0060000	-0.5000000	842.410634446382
-0.0060000	-0.4750000	759.455363318752
-0.0060000	-0.4500000	680.913456760530
-0.0060000	-0.4250000	606.758438674714
-0.0060000	-0.4000000	536.966510638547
-0.0060000	-0.3750000	471.516187993469
-0.0060000	-0.3500000	410.387997212026
-0.0060000	-0.3250000	353.564222366099
-0.0060000	-0.3000000	301.028691284665
-0.0060000	-0.2750000	252.766594052642
-0.0060000	-0.2500000	208.764328060125
-0.0060000	-0.2250000	169.009364999598
-0.0060000	-0.2000000	133.490136123920
-0.0060000	-0.1750000	102.195932789045
-0.0060000	-0.1500000	75.116819862797
-0.0060000	-0.1250000	52.243560021087
-0.0060000	-0.1000000	33.567547303157
-0.0060000	-0.0750000	19.080748577857
-0.0060000	-0.0500000	8.775651799139
-0.0060000	-0.0250000	2.645220112304
-0.0060000	0.0000000	0.682851022241
-0.0060000	0.0250000	2.882339957591
-0.0060000	0.0500000	9.237847665993
-0.0060000	0.0750000	19.743870959434
-0.0060000	0.1000000	34.395216398492
-0.0060000	0.1250000	53.186976562671
-0.0060000	0.1500000	76.114508602982
-0.0060000	0.1750000	103.173414814277
-0.0060000	0.2000000	134.359524999761
-0.0060000	0.2250000	169.668880429835
-0.0060000	0.2500000	209.097719222719
-0.0060000	0.2750000	252.642462995930
-0.0060000	0.3000000	300.299704656295
-0.0060000	0.3250000	352.066197212129
-0.0060000	0.3500000	407.938843505019
-0.0060000	0.3750000	467.914686770593
-0.0060000	0.4000000	531.990901948020
-0.0060000	0.4250000	600.164787666992
-0.0060000	0.4500000	672.433758848842
-0.0060000	0.4750000	748.795339865301
-0.0060000	0.5000000	829.247158204452
-0.0050000	-0.5000000	843.325022068737
-0.0050000	-0.4750000	760.316584746634
-0.0050000	-0.4500000	681.719789021904
-0.0050000	-0.4250000	607.508296857004
-0.0050000	-0.4000000	537.658432524391
-0.0050000	-0.3750000	472.148820907121
-0.0050000	-0.3500000	410.960086687867
-0.0050000	-0.3250000	354.074602330809
-0.0050000	-0.3000000	301.476275505899
-0.0050000	-0.2750000	253.150368654468
-0.0050000	-0.2500000	209.083344942493
-0.0050000	-0.2250000	169.262736028325
-0.0050000	-0.2000000	133.677027980844
-0.0050000	-0.1750000	102.315562390636
-0.0050000	-0.1500000	75.168450270482
-0.0050000	-0.1250000	52.226496778771
-0.0050000	-0.1000000	33.481135147375
-0.0050000	-0.0750000	18.924368474230
-0.0050000	-0.0500000	8.548718265558
-0.0050000	-0.0250000	2.347178794968
-0.0050000	0.0000000	0.313176495349
-0.0050000	0.0250000	2.440533721500
-0.0050000	0.0500000	8.723436321969
-0.0050000	0.0750000	19.156404541990
-0.0050000	0.1000000	33.734266848702
-0.0050000	0.1250000	52.452136327924
-0.0050000	0.1500000	75.305389350399
-0.0050000	0.1750000	102.289646246543
-0.0050000	0.2000000	133.400753763436
-0.0050000	0.2250000	168.634769107347
-0.0050000	0.2500000	207.987945400209
-0.0050000	0.2750000	251.456718400024
-0.0050000	0.3000000	299.037694353572
-0.0050000	0.3250000	350.727638865767
-0.0050000	0.3500000	406.523466683635
-0.0050000	0.3750000	466.422232304828
-0.0050000	0.4000000	530.421121330859
-0.0050000	0.4250000	598.517442494207
-0.0050000	0.4500000	670.708620296298
-0.0050000	0.4750000	746.992188200173
-0.0050000	0.5000000	827.365782327684
-0.0040000	-0.5000000	844.013606922925
-0.0040000	-0.4750000	760.974087012377
-0.0040000	-0.4500000	682.344361998746
-0.0040000	-0.4250000	608.098238896674
-0.0040000	-0.4000000	538.212170891158
-0.0040000	-0.3750000	472.664897967878
-0.0040000	-0.3500000	411.437148021148
-0.0040000	-0.3250000	354.511386428839
-0.0040000	-0.3000000	301.871604808727
-0.0040000	-0.2750000	253.503141705376
-0.0040000	-0.2500000	209.392529493113
-0.0040000	-0.2250000	169.527362952711
-0.0040000	-0.2000000	133.896185882323
-0.0040000	-0.1750000	102.488392804868
-0.0040000	-0.1500000	75.294143384014
-0.0040000	-0.1250000	52.304287595248
-0.0040000	-0.1000000	33.510300044081
-0.0040000	-0.0750000	18.904222100283
-0.0040000	-0.0500000	8.478610740245
-0.0040000	-0.0250000	2.226493170646
-0.0040000	0.0000000	0.141326454327
-0.0040000	0.0250000	2.216961480456
-0.0040000	0.0500000	8.447610721030
-0.0040000	0.0750000	18.827819298525
-0.0040000	0.1000000	33.352438958467
-0.0040000	0.1250000	52.016604598322
-0.0040000	0.1500000	74.815713052513
-0.0040000	0.1750000	101.745403874149
-0.0040000	0.2000000	132.801541888629
-0.0040000	0.2250000	167.980201323561
-0.0040000	0.2500000	207.277651344482
-0.0040000	0.2750000	250.690342847229
-0.0040000	0.3000000	298.214896376149
-0.0040000	0.3250000	349.848091053154
-0.0040000	0.3500000	405.586854416224
-0.0040000	0.3750000	465.428253077784
-0.0040000	0.4000000	529.369484123621
-0.0040000	0.4250000	597.407867181903
-0.0040000	0.4500000	669.540837099666
-0.0040000	0.4750000	745.765937170915
-0.0040000	0.5000000	826.080812866470
-0.0030000	-0.5000000	844.371951353264
-0.0030000	-0.4750000	761.324056834353
-0.0030000	-0.4500000	682.683969403497
-0.0030000	-0.4250000	608.425649344612
-0.0030000	-0.4000000	538.525686043266
-0.0030000	-0.3750000	472.962941092315
-0.0030000	-0.3500000	411.718251436545
-0.0030000	-0.3250000	354.774180636722
-0.0030000	-0.3000000	302.114809037022
-0.0030000	-0.2750000	253.725555638707
-0.0030000	-0.2500000	209.593026007429
-0.0030000	-0.2250000	169.704881704786
-0.0030000	-0.2000000	134.049727630805
-0.0030000	-0.1750000	102.617014360510
-0.0030000	-0.1500000	75.396953103574
-0.0030000	-0.1250000	52.380441347243
-0.0030000	-0.1000000	33.558997585751
-0.0030000	-0.0750000	18.924703814323
-0.0030000	-0.0500000	8.470154687443
-0.0030000	-0.0250000	2.188412420882
-0.0030000	0.0000000	0.072966663642
-0.0030000	0.0250000	2.117698686344
-0.0030000	0.0500000	8.316849331798
-0.0030000	0.0750000	18.664990255754
-0.0030000	0.1000000	33.156998054255
-0.0030000	0.1250000	51.788030931311
-0.0030000	0.1500000	74.553507608617
-0.0030000	0.1750000	101.449088219636
-0.0030000	0.2000000	132.470656964611
-0.0030000	0.2250000	167.614306332233
-0.0030000	0.2500000	206.876322718542
-0.0030000	0.2750000	250.253173294825
-0.0030000	0.3000000	297.741493994580
-0.0030000	0.3250000	349.338078505222
-0.0030000	0.3500000	405.039868163816
-0.0030000	0.3750000	464.843942667787
-0.0030000	0.4000000	528.747511521782
-0.0030000	0.4250000	596.747906150690
-0.0030000	0.4500000	668.842572616547
-0.0030000	0.4750000	745.029064883844
-0.0030000	0.5000000	825.305038583641
-0.0020000	-0.5000000	844.331198864182
-0.0020000	-0.4750000	761.297731014115
-0.0020000	-0.4500000	682.669950352373
-0.0020000	-0.4250000	608.421977244963
-0.0020000	-0.4000000	538.530543384502
-0.0020000	-0.3750000	472.974637475435
-0.0020000	-0.3500000	411.735210500690
-0.0020000	-0.3250000	354.794928745192
-0.0020000	-0.3000000	302.137965432829
-0.0020000	-0.2750000	253.749823835765
-0.0020000	-0.2500000	209.617186227219
-0.0020000	-0.2250000	169.727784202719
-0.0020000	-0.2000000	134.070286783814
-0.0020000	-0.1750000	102.634203409219
-0.0020000	-0.1500000	75.409799460013
-0.0020000	-0.1250000	52.388022393316
-0.0020000	-0.1000000	33.560436899364
-0.0020000	-0.0750000	18.919167769602
-0.0020000	-0.0500000	8.456849383435
-0.0020000	-0.0250000	2.166580899662
-0.0020000	0.0000000	0.041886384254
-0.0020000	0.0250000	2.076679225605
-0.0020000	0.0500000	8.265230286871
-0.0020000	0.0750000	18.602139326665
-0.0020000	0.1000000	33.082309287347
-0.0020000	0.1250000	51.700923106967
-0.0020000	0.1500000	74.453422758666
-0.0020000	0.1750000	101.335490261563
-0.0020000	0.2000000	132.343030441234
-0.0020000	0.2250000	167.472155246802
-0.0020000	0.2500000	206.719169456342
-0.0020000	0.2750000	250.080557623365
-0.0020000	0.3000000	297.552972135298
-0.0020000	0.3250000	349.133222270400
-0.0020000	0.3500000	404.818264153033
-0.0020000	0.3750000	464.605191518869
-0.0020000	0.4000000	528.491227211663
-0.0020000	0.4250000	596.473715342084
-0.0020000	0.4500000	668.550114046732
-0.0020000	0.4750000	744.717988792197
-0.0020000	0.5000000	824.975006174896
-0.0010000	-0.5000000	843.856495516618
-0.0010000	-0.4750000	760.860431746190
-0.0010000	-0.4500000	682.267797912207
-0.0010000	-0.4250000	608.052881683955
-0.0010000	-0.4000000	538.192563516942
-0.0010000	-0.3750000	472.665965033603
-0.0010000	-0.3500000	411.454156506174
-0.0010000	-0.3250000	354.539911716924
-0.0010000	-0.3000000	301.907501128481
-0.0010000	-0.2750000	253.542516281933
-0.0010000	-0.2500000	209.431719839642
-0.0010000	-0.2250000	169.562916833788
-0.0010000	-0.2000000	133.924843563223
-0.0010000	-0.1750000	102.507071266445
-0.0010000	-0.1500000	75.299922235722
-0.0010000	-0.1250000	52.294396461720
-0.0010000	-0.1000000	33.482107235704
-0.0010000	-0.0750000	18.855224406985
-0.0010000	-0.0500000	8.406424211454
-0.0010000	-0.0250000	2.128844764134
-0.0010000	0.0000000	0.016046453109
-0.0010000	0.0250000	2.061976590762
-0.0010000	0.0500000	8.260937775989
-0.0010000	0.0750000	18.607559502066
-0.0010000	0.1000000	33.096772612323
-0.0010000	0.1250000	51.723786262154
-0.0010000	0.1500000	74.484067093291
-0.0010000	0.1750000	101.373320366204
-0.0010000	0.2000000	132.387472830279
-0.0010000	0.2250000	167.522657140182
-0.0010000	0.2500000	206.775197651257
-0.0010000	0.2750000	250.141597447787
-0.0010000	0.3000000	297.618526475889
-0.0010000	0.3250000	349.202810668294
-0.0010000	0.3500000	404.891421961615
-0.0010000	0.3750000	464.681469118260
-0.0010000	0.4000000	528.570189275196
-0.0010000	0.4250000	596.554940150489
-0.0010000	0.4500000	668.633192846179
-0.0010000	0.4750000	744.802525192724
-0.0010000	0.5000000	825.060615586057
0.0000000	-0.5000000	842.956388464042
0.0000000	-0.4750000	760.020466703324
0.0000000	-0.4500000	681.485585344267
0.0000000	-0.4250000	607.326206422250
0.0000000	-0.4000000	537.519365450950
0.0000000	-0.3750000	472.044322617515
0.0000000	-0.3500000	410.882272577927
0.0000000	-0.3250000	354.016101232509
0.0000000	-0.3000000	301.430180494272
0.0000000	-0.2750000	253.110194029431
0.0000000	-0.2500000	209.042988435011
0.0000000	-0.2250000	169.216445452351
0.0000000	-0.2000000	133.619371688938
0.0000000	-0.1750000	102.241403000338
0.0000000	-0.1500000	75.072921216445
0.0000000	-0.1250000	52.104981317012
0.0000000	-0.1000000	33.329247496261
0.0000000	-0.0750000	18.737936824655
0.0000000	-0.0500000	8.323769432315
0.0000000	-0.0250000	2.079924314145
0.0000000	0.0000000	0.000000000000
0.0000000	0.0250000	2.077979450821
0.0000000	0.0500000	8.308198638609
0.0000000	0.0750000	18.685318348498
0.0000000	0.1000000	33.204298808064
0.0000000	0.1250000	51.860376805018
0.0000000	0.1500000	74.649045001395
0.0000000	0.1750000	101.566033191982
0.0000000	0.2000000	132.607291288309
0.0000000	0.2250000	167.768973837973
0.0000000	0.2500000	207.047425913413
0.0000000	0.2750000	250.439170224992
0.0000000	0.3000000	297.940895331105
0.0000000	0.3250000	349.549444833374
0.0000000	0.3500000	405.261807458239
0.0000000	0.3750000	465.075107937735
0.0000000	0.4000000	528.986598612209
0.0000000	0.4250000	596.993651686384
0.0000000	0.4500000	669.093752077780
0.0000000	0.4750000	745.284490803077
0.0000000	0.5000000	825.563558853838
0.0010000	-0.5000000	841.684476042512
0.0010000	-0.4750000	758.830721276894
0.0010000	-0.4500000	680.375513657958
0.0010000	-0.4250000	606.293494075159
0.0010000	-0.4000000	536.561857174033
0.0010000	-0.3750000	471.160005422809
0.0010000	-0.3500000	410.069261267435
0.0010000	-0.3250000	353.272625861734
0.0010000	-0.3000000	300.754575466800
0.0010000	-0.2750000	252.500888561818
0.0010000	-0.2500000	208.498498180184
0.0010000	-0.2250000	168.735365108192
0.0010000	-0.2000000	133.200368449257
0.0010000	-0.1750000	101.883210729791
0.0010000	-0.1500000	74.774335250596
0.0010000	-0.1250000	51.864853804648
0.0010000	-0.1000000	33.146483214026
0.0010000	-0.0750000	18.611489404735
0.0010000	-0.0500000	8.252637952696
0.0010000	-0.0250000	2.063150208258
0.0010000	0.0000000	0.036664248657
0.0010000	0.0250000	2.167200024448
0.0010000	0.0500000	8.449128162077
0.0010000	0.0750000	18.877141964481
0.0010000	0.1000000	33.446232217957
0.0010000	0.1250000	52.151664469052
0.0010000	0.1500000	74.988958481854
0.0010000	0.1750000	101.953869625362
0.0010000	0.2000000	133.042371973911
0.0010000	0.2250000	168.250642931877
0.0010000	0.2500000	207.575049218016
0.0010000	0.2750000	251.012134065391
0.0010000	0.3000000	298.558605510545
0.0010000	0.3250000	350.211325660815
0.0010000	0.3500000	405.967300841817
0.0010000	0.3750000	465.823672538541
0.0010000	0.4000000	529.777709053361
0.0010000	0.4250000	597.826797812879
0.0010000	0.4500000	669.968438263034
0.0010000	0.4750000	746.200235298478
0.0010000	0.5000000	826.519893177961
0.0020000	-0.5000000	840.131098898830
0.0020000	-0.4750000	757.380931940757
0.0020000	-0.4500000	679.026721186716
0.0020000	-0.4250000	605.043291314812
0.0020000	-0.4000000	535.408000499476
0.0020000	-0.3750000	470.100397433639
0.0020000	-0.3500000	409.101935911457
0.0020000	-0.3250000	352.395735568549
0.0020000	-0.3000000	299.966379958020
0.0020000	-0.2750000	251.799745069310
0.0020000	-0.2500000	207.882852854282
0.0020000	-0.2250000	168.203745437490
0.0020000	-0.2000000	132.751376545071
0.0020000	-0.1750000	101.515517353508
0.0020000	-0.1500000	74.486674482335
0.0020000	-0.1250000	51.656018268045
0.0020000	-0.1000000	33.015319785319
0.0020000	-0.0750000	18.556895345285
0.0020000	-0.0500000	8.273557413119
0.0020000	-0.0250000	2.158571059849
0.0020000	0.0000000	0.205615204049
0.0020000	0.0250000	2.408748014685
0.0020000	0.0500000	8.762375941702
0.0020000	0.0750000	19.261225919959
0.0020000	0.1000000	33.900320357936
0.0020000	0.1250000	52.674954577652
0.0020000	0.1500000	75.580676418495
0.0020000	0.1750000	102.613267756617
0.0020000	0.2000000	133.768727724578
0.0020000	0.2250000	169.043257443949
0.0020000	0.2500000	208.433246107502
0.0020000	0.2750000	251.935258268054
0.0020000	0.3000000	299.546022208597
0.0020000	0.3250000	351.262419283458
0.0020000	0.3500000	407.081474133266
0.0020000	0.3750000	467.000345687806
0.0020000	0.4000000	531.016318880663
0.0020000	0.4250000	599.126797008071
0.0020000	0.4500000	671.329294671852
0.0020000	0.4750000	747.621431252842
0.0020000	0.5000000	828.000924866918
0.0030000	-0.5000000	838.425845526947
0.0030000	-0.4750000	755.799550515207
0.0030000	-0.4500000	677.566557275460
0.0030000	-0.4250000	603.701876750455
0.0030000	-0.4000000	534.183032876784
0.0030000	-0.3750000	468.989722599365
0.0030000	-0.3500000	408.103532911748
0.0030000	-0.3250000	351.507703630938
0.0030000	-0.3000000	299.186927170250
0.0030000	-0.2750000	251.127178482998
0.0030000	-0.2500000	207.315569792583
0.0030000	-0.2250000	167.740225826179
0.0030000	-0.2000000	132.390176118298
0.0030000	-0.1750000	101.255261610959
0.0030000	-0.1500000	74.326053294999
0.0030000	-0.1250000	51.593781046381
0.0030000	-0.1000000	33.050271137159
0.0030000	-0.0750000	18.687891161876
0.0030000	-0.0500000	8.499501330898
0.0030000	-0.0250000	2.478411253122
0.0030000	0.0000000	0.618341470078
0.0030000	0.0250000	2.913389118000
0.0030000	0.0500000	9.357997188918
0.0030000	0.0750000	19.946926940153
0.0030000	0.1000000	34.675233066846
0.0030000	0.1250000	53.538241306685
0.0030000	0.1500000	76.531528191876
0.0030000	0.1750000	103.650902702011
0.0030000	0.2000000	134.892389604240
0.0030000	0.2250000	170.252214294969
0.0030000	0.2500000	209.726788980980
0.0030000	0.2750000	253.312700058184
0.0030000	0.3000000	301.006696563620
0.0030000	0.3250000	352.805679591289
0.0030000	0.3500000	408.706692575366
0.0030000	0.3750000	468.706912355532
0.0030000	0.4000000	532.803640948898
0.0030000	0.4250000	600.994297961464
0.0030000	0.4500000	673.276413579452
0.0030000	0.4750000	749.647622087304
0.0030000	0.5000000	830.105655864838
0.0040000	-0.5000000	836.726319772399
0.0040000	-0.4750000	754.242998653641
0.0040000	-0.4500000	676.150290819686
0.0040000	-0.4250000	602.423394255889
0.0040000	-0.4000000	533.039999366173
0.0040000	-0.3750000	467.979951992909
0.0040000	-0.3500000	407.224972925110
0.0040000	-0.3250000	350.758422716034
0.0040000	-0.3000000	298.565103159424
0.0040000	-0.2750000	250.631088663287
0.0040000	-0.2500000	206.943582188229
0.0040000	-0.2250000	167.490791507994
0.0040000	-0.2000000	132.261822390519
0.0040000	-0.1750000	101.246585951798
0.0040000	-0.1500000	74.435717947704
0.0040000	-0.1250000	51.820508174269
0.0040000	-0.1000000	33.392838469680
0.0040000	-0.0750000	19.145128069926
0.0040000	-0.0500000	9.070285278783
0.0040000	-0.0250000	3.161664582199
0.0040000	0.0000000	1.413028475481
0.0040000	0.0250000	3.818513385156
0.0040000	0.0500000	10.372599161056
0.0040000	0.0750000	21.070081691808
0.0040000	0.1000000	35.906048261545
0.0040000	0.1250000	54.875855319783
0.0040000	0.1500000	77.975108381812
0.0040000	0.1750000	105.199643815295
0.0040000	0.2000000	136.545512301208
0.0040000	0.2250000	172.008963784829
0.0040000	0.2500000	211.586433755981
0.0040000	0.2750000	255.274530717869
0.0040000	0.3000000	303.070024721100
0.0040000	0.3250000	354.969836854341
0.0040000	0.3500000	410.971029595912
0.0040000	0.3750000	471.070797941715
0.0040000	0.4000000	535.266461234560
0.0040000	0.4250000	603.555455628348
0.0040000	0.4500000	675.935327127890
0.0040000	0.4750000	752.403725151596
0.0040000	0.5000000	832.958396569836
0.0050000	-0.5000000	835.207845550736
0.0050000	-0.4750000	752.885547415008
0.0050000	-0.4500000	674.951157266419
0.0050000	-0.4250000	601.380060474698
0.0050000	-0.4000000	532.150114183646
0.0050000	-0.3750000	467.241313352633
0.0050000	-0.3500000	406.635512745197
0.0050000	-0.3250000	350.316193799089
0.0050000	-0.3000000	298.268267813384
0.0050000	-0.2750000	250.477908758146
0.0050000	-0.2500000	206.932410425541
0.0050000	-0.2250000	167.620063720715
0.0050000	-0.2000000	132.530050723064
0.0050000	-0.1750000	101.652352795900
0.0050000	-0.1500000	74.977670530407
0.0050000	-0.1250000	52.497353711138
0.0050000	-0.1000000	34.203339810001
0.0050000	-0.0750000	20.088099771866
0.0050000	-0.0500000	10.144590061736
0.0050000	-0.0250000	4.366210111206
0.0050000	0.0000000	2.746764438999
0.0050000	0.0250000	5.280428832808
0.0050000	0.0500000	11.961720072503
0.0050000	0.0750000	22.785468751658
0.0050000	0.1000000	37.746794818486
0.0050000	0.1250000	56.841085510835
0.0050000	0.1500000	80.063975404980
0.0050000	0.1750000	107.411328335893
0.0050000	0.2000000	138.879220978882
0.0050000	0.2250000	174.463927909799
0.0050000	0.2500000	214.161907984322
0.0050000	0.2750000	257.969791896790
0.0050000	0.3000000	305.884370796156
0.0050000	0.3250000	357.902585851382
0.0050000	0.3500000	414.021518671321
0.0050000	0.3750000	474.238382495165
0.0050000	0.4000000	538.550514079083
0.0050000	0.4250000	606.955366213044
0.0050000	0.4500000	679.450500809061
0.0050000	0.4750000	756.033582508472
0.0050000	0.5000000	836.702372761451
0.0060000	-0.5000000	834.060288908928
0.0060000	-0.4750000	751.915813791175
0.0060000	-0.4500000	674.156554440678
0.0060000	-0.4250000	600.758082218181
0.0060000	-0.4000000	531.698419719426
0.0060000	-0.3750000	466.957709830375
0.0060000	-0.3500000	406.517940188708
0.0060000	-0.3250000	350.362712099244
0.0060000	-0.3000000	298.477045425339
0.0060000	-0.2750000	250.847212828348
0.0060000	-0.2500000	207.460598125871
0.0060000	-0.2250000	168.305574607816
0.0060000	-0.2000000	133.371399973131
0.0060000	-0.1750000	102.648125190935
0.0060000	-0.1500000	76.126515092629
0.0060000	-0.1250000	53.797978898981
0.0060000	-0.1000000	35.654509202775
0.0060000	-0.0750000	21.688628181346
0.0060000	-0.0500000	11.893340018155
0.0060000	-0.0250000	6.262088678787
0.0060000	0.0000000	4.788720322503
0.0060000	0.0250000	7.467449741948
0.0060000	0.0500000	14.292830315505
0.0060000	0.0750000	25.259727033090
0.0060000	0.1000000	40.363292219656
0.0060000	0.1250000	59.598943633809
0.0060000	0.1500000	82.962344663596
0.0060000	0.1750000	110.449386379186
0.0060000	0.2000000	142.056171234023
0.0060000	0.2250000	177.778998233165
0.0060000	0.2500000	217.614349410615
0.0060000	0.2750000	261.558877477222
0.0060000	0.3000000	309.609394517714
0.0060000	0.3250000	361.762861630039
0.0060000	0.3500000	418.016379412811
0.0060000	0.3750000	478.367179217587
0.0060000	0.4000000	542.812615092200
0.0060000	0.4250000	611.350156349633
0.0060000	0.4500000	683.977380704144
0.0060000	0.4750000	760.691967922639
0.0060000	0.5000000	841.491693944865
0.0070000	-0.5000000	833.478409530525
0.0070000	-0.4750000	751.527439579205
0.0070000	-0.4500000	673.959031286019
0.0070000	-0.4250000	600.748939073558
0.0070000	-0.4000000	531.875348344077
0.0070000	-0.3750000	467.318547511430
0.0070000	-0.3500000	407.060654904698
0.0070000	-0.3250000	351.085389703144
0.0070000	-0.3000000	299.377878510031
0.0070000	-0.2750000	251.924491003220
0.0070000	-0.2500000	208.712699484529
0.0070000	-0.2250000	169.730958207139
0.0070000	-0.2000000	134.968599175745
0.0070000	-0.1750000	104.415741748660
0.0070000	-0.1500000	78.063213868849
0.0070000	-0.1250000	55.902483144488
0.0070000	-0.1000000	37.925596313086
0.0070000	-0.0750000	24.125125874574
0.0070000	-0.0500000	14.494122881599
0.0070000	-0.0250000	9.026075039982
0.0070000	0.0000000	7.714869406751
0.0070000	0.0250000	10.554759083605
0.0070000	0.0500000	17.540333394754
0.0070000	0.0750000	28.666491113644
0.0070000	0.1000000	43.928416366021
0.0070000	0.1250000	63.321556889435
0.0070000	0.1500000	86.841604373553
0.0070000	0.1750000	114.484476642974
0.0070000	0.2000000	146.246301475840
0.0070000	0.2250000	182.123401878430
0.0070000	0.2500000	222.112282658796
0.0070000	0.2750000	266.209618162157
0.0070000	0.3000000	314.412241047556
0.0070000	0.3250000	366.717131999808
0.0070000	0.3500000	423.121410283278
0.0070000	0.3750000	483.622325054848
0.0070000	0.4000000	548.217247362897
0.0070000	0.4250000	616.903662767254
0.0070000	0.4500000	689.679164522299
0.0070000	0.4750000	766.541447271603
0.0070000	0.5000000	847.488301208021
0.0080000	-0.5000000	833.655032090394
0.0080000	-0.4750000	751.912266951264
0.0080000	-0.4500000	674.549468229631
0.0080000	-0.4250000	601.542569295764
0.0080000	-0.4000000	532.869914651292
0.0080000	-0.3750000	468.511934883040
0.0080000	-0.3500000	408.450875963379
0.0080000	-0.3250000	352.670572166792
0.0080000	-0.3000000	301.156254294136
0.0080000	-0.2750000	253.894386707248
0.0080000	-0.2500000	210.872528046224
0.0080000	-0.2250000	172.079211548220
0.0080000	-0.2000000	137.503841693784
0.0080000	-0.1750000	107.136604534930
0.0080000	-0.1500000	80.968389552011
0.0080000	-0.1250000	58.990721276254
0.0080000	-0.1000000	41.195699225247
0.0080000	-0.0750000	27.575944947624
0.0080000	-0.0500000	18.124555174150
0.0080000	-0.0250000	12.835060235561
0.0080000	0.0000000	11.701387040768
0.0080000	0.0250000	14.717826018424
0.0080000	0.0500000	21.879001515171
0.0080000	0.0750000	33.179845218724
0.0080000	0.1000000	48.615572236364
0.0080000	0.1250000	68.181659511599
0.0080000	0.1500000	91.873826305606
0.0080000	0.1750000	119.688016507112
0.0080000	0.2000000	151.620382565659
0.0080000	0.2250000	187.667270869886
0.0080000	0.2500000	227.825208415143
0.0080000	0.2750000	272.090890624236
0.0080000	0.3000000	320.461170201744
0.0080000	0.3250000	372.933046916772
0.0080000	0.3500000	429.503658221398
0.0080000	0.3750000	490.170270622811
0.0080000	0.4000000	554.930271736517
0.0080000	0.4250000	623.781162956076
0.0080000	0.4500000	696.720552681972
0.0080000	0.4750000	773.746150058398
0.0080000	0.5000000	854.855759172218
0.0090000	-0.5000000	834.778321687063
0.0090000	-0.4750000	753.257610599862
0.0090000	-0.4500000	676.114342781075
0.0090000	-0.4250000	603.324626015966
0.0090000	-0.4000000	534.866959793229
0.0090000	-0.3750000	470.721913127788
0.0090000	-0.3500000	410.871856213355
0.0090000	-0.3250000	355.300735282941
0.0090000	-0.3000000	303.993882451444
0.0090000	-0.2750000	256.937854106706
0.0090000	-0.2500000	214.120292770949
0.0090000	-0.2250000	175.529808390359
0.0090000	-0.2000000	141.155875809645
0.0090000	-0.1750000	110.988745810355
0.0090000	-0.1500000	85.019367579780
0.0090000	-0.1250000	63.239320863273
0.0090000	-0.1000000	45.640756360305
0.0090000	-0.0750000	32.216343171158
0.0090000	-0.0500000	22.959222300251
0.0090000	-0.0250000	17.862965383723
0.0090000	0.0000000	16.921537940952
0.0090000	0.0250000	20.129266558077
0.0090000	0.0500000	27.480809501089
0.0090000	0.0750000	38.971130330267
0.0090000	0.1000000	54.595474149562
0.0090000	0.1250000	74.349346176291
0.0090000	0.1500000	98.228492359973
0.0090000	0.1750000	126.228881815853
0.0090000	0.2000000	158.346690869710
0.0090000	0.2250000	194.578288536983
0.0090000	0.2500000	234.920223281755
0.0090000	0.2750000	279.369210920446
0.0090000	0.3000000	327.922123551600
0.0090000	0.3250000	380.575979407416
0.0090000	0.3500000	437.327933534996
0.0090000	0.3750000	498.175269225932
0.0090000	0.4000000	563.115390122146
0.0090000	0.4250000	632.145812933936
0.0090000	0.4500000	705.264160713250
0.0090000	0.4750000	782.468156631349
0.0090000	0.5000000	863.755618215460
0.0100000	-0.5000000	837.028059478587
0.0100000	-0.4750000	755.742587041780
0.0100000	-0.4500000	678.832118445655
0.0100000	-0.4250000	606.272930669934
0.0100000	-0.4000000	538.043673473399
0.0100000	-0.3750000	474.125050018673
0.0100000	-0.3500000	414.499550821370
0.0100000	-0.3250000	359.151230507920
0.0100000	-0.3000000	308.065519237121
0.0100000	-0.2750000	261.229062414169
0.0100000	-0.2500000	218.629583667608
0.0100000	-0.2250000	180.255767085029
0.0100000	-0.2000000	146.097155494501
0.0100000	-0.1750000	116.144062194568
0.0100000	-0.1500000	90.387494018939
0.0100000	-0.1250000	68.819084004354
0.0100000	-0.1000000	51.431032234643
0.0100000	-0.0750000	38.216053678326
0.0100000	-0.0500000	29.167332034311
0.0100000	-0.0250000	24.278478760446
0.0100000	0.0000000	23.543496590499
0.0100000	0.0250000	26.956746952603
0.0100000	0.0500000	34.512920790882
0.0100000	0.0750000	46.207012365536
0.0100000	0.1000000	62.034295667983
0.0100000	0.1250000	81.990303138928
0.0100000	0.1500000	106.070806420373
0.0100000	0.1750000	134.271798908944
0.0100000	0.2000000	166.589479908749
0.0100000	0.2250000	203.020240208146
0.0100000	0.2500000	243.560648927182
0.0100000	0.2750000	288.207441501565
0.0100000	0.3000000	336.957508685451
0.0100000	0.3250000	389.807886469509
0.0100000	0.3500000	446.755746822885
0.0100000	0.3750000	507.798389178323
0.0100000	0.4000000	572.933232588871
0.0100000	0.4250000	642.157808492600
0.0100000	0.4500000	715.469754028759
0.0100000	0.4750000	792.866805854921
0.0100000	0.5000000	874.346794420014
0.0110000	-0.5000000	840.575165975442
0.0110000	-0.4750000	759.537384537048
0.0110000	-0.4500000	682.872270572247
0.0110000	-0.4250000	610.556263506397
0.0110000	-0.4000000	542.568157319137
0.0110000	-0.3750000	478.888783871689
0.0110000	-0.3500000	419.500749070907
0.0110000	-0.3250000	364.388211456696
0.0110000	-0.3000000	313.536695145956
0.0110000	-0.2750000	266.932930821972
0.0110000	-0.2500000	224.564719786497
0.0110000	-0.2250000	186.420817107141
0.0110000	-0.2000000	152.490830676145
0.0110000	-0.1750000	122.765133606558
0.0110000	-0.1500000	97.234787870636
0.0110000	-0.1250000	75.891477463999
0.0110000	-0.1000000	58.727449680857
0.0110000	-0.0750000	45.735463327726
0.0110000	-0.0500000	36.908742898450
0.0110000	-0.0250000	32.240937892171
0.0110000	0.0000000	31.726086585520
0.0110000	0.0250000	35.358583676840
0.0110000	0.0500000	43.133151308178
0.0110000	0.0750000	55.044813043707
0.0110000	0.1000000	71.088870444038
0.0110000	0.1250000	91.260881926740
0.0110000	0.1500000	115.556643646164
0.0110000	0.1750000	143.972172161732
0.0110000	0.2000000	176.503688694431
0.0110000	0.2250000	213.147604797239
0.0110000	0.2500000	253.900509287362
0.0110000	0.2750000	298.759156307152
0.0110000	0.3000000	347.720454396867
0.0110000	0.3250000	400.781456476456
0.0110000	0.3500000	457.939350645698
0.0110000	0.3750000	519.191451722493
0.0110000	0.4000000	584.535193448266
0.0110000	0.4250000	653.968121297353
0.0110000	0.4500000	727.487885834208
0.0110000	0.4750000	805.092236568307
0.0110000	0.5000000	886.779016261980
0.0120000	-0.5000000	845.574741445954
0.0120000	-0.4750000	764.796822011958
0.0120000	-0.4500000	688.389332276827
0.0120000	-0.4250000	616.328868161430
0.0120000	-0.4000000	548.594362491487
0.0120000	-0.3750000	485.166770950749
0.0120000	-0.3500000	426.028810396177
0.0120000	-0.3250000	371.164739221497
0.0120000	-0.3000000	320.560171778383
0.0120000	-0.2750000	274.201920602795
0.0120000	-0.2500000	232.077861509357
0.0120000	-0.2250000	194.176817622163
0.0120000	-0.2000000	160.488459186431
0.0120000	-0.1750000	131.003216609615
0.0120000	-0.1500000	105.712204654941
0.0120000	-0.1250000	84.607156085571
0.0120000	-0.1000000	67.680363356675
0.0120000	-0.0750000	54.924627192573
0.0120000	-0.0500000	46.333211079859
0.0120000	-0.0250000	41.899800864782
0.0120000	0.0000000	41.618468771721
0.0120000	0.0250000	45.483641265201
0.0120000	0.0500000	53.490070265068
0.0120000	0.0750000	65.632807296796
0.0120000	0.1000000	81.907180219137
0.0120000	0.1250000	102.308772221821
0.0120000	0.1500000	126.833402828417
0.0120000	0.1750000	155.477110675232
0.0120000	0.2000000	188.236137867504
0.0120000	0.2250000	225.106915739859
0.0120000	0.2500000	266.086051870058
0.0120000	0.2750000	311.170318213847
0.0120000	0.3000000	360.356640244908
0.0120000	0.3250000	413.642086997833
0.0120000	0.3500000	471.023861924082
0.0120000	0.3750000	532.499294481297
0.0120000	0.4000000	598.065832385404
0.0120000	0.4250000	667.721034462838
0.0120000	0.4500000	741.462564047072
0.0120000	0.4750000	819.288182869721
0.0120000	0.5000000	901.195745401703
0.0130000	-0.5000000	852.176309125997
0.0130000	-0.4750000	771.669956974378
0.0130000	-0.4500000	695.531910037859
0.0130000	-0.4250000	623.738913373153
0.0130000	-0.4000000	556.270032067092
0.0130000	-0.3750000	493.106339704002
0.0130000	-0.3500000	434.230658740439
0.0130000	-0.3250000	379.627342569159
0.0130000	-0.3000000	329.282091354382
0.0130000	-0.2750000	283.181795442045
0.0130000	-0.2500000	241.314401451596
0.0130000	-0.2250000	203.668797152035
0.0130000	-0.2000000	170.234711993746
0.0130000	-0.1750000	141.002630766396
0.0130000	-0.1500000	115.963718323236
0.0130000	-0.1250000	95.109753684115
0.0130000	-0.1000000	78.433072125877
0.0130000	-0.0750000	65.926514106728
0.0130000	-0.0500000	57.583380063171
0.0130000	-0.0250000	53.397390274183
0.0130000	0.0000000	53.362649114784
0.0130000	0.0250000	57.473613125886
0.0130000	0.0500000	65.725062413779
0.0130000	0.0750000	78.112074964355
0.0130000	0.1000000	94.630003516975
0.0130000	0.1250000	115.274454692920
0.0130000	0.1500000	140.041270115490
0.0130000	0.1750000	168.926509294284
0.0130000	0.2000000	201.926434076330
0.0130000	0.2250000	239.037494492271
0.0130000	0.2500000	280.256315847688
0.0130000	0.2750000	325.579686928299
0.0130000	0.3000000	375.004549203831
0.0130000	0.3250000	428.527986929183
0.0130000	0.3500000	486.147218053460
0.0130000	0.3750000	547.859585857777
0.0130000	0.4000000	613.662551251746
0.0130000	0.4250000	683.553685666382
0.0130000	0.4500000	757.530664488004
0.0130000	0.4750000	835.591260983685
0.0130000	0.5000000	917.733340674064
0.0140000	-0.5000000	860.512205805693
0.0140000	-0.4750000	780.288975635780
0.0140000	-0.4500000	704.432035932698
0.0140000	-0.4250000	632.918274030598
0.0140000	-0.4000000	565.726881117011
0.0140000	-0.3750000	502.839043117205
0.0140000	-0.3500000	444.237683048198
0.0140000	-0.3250000	389.907244716246
0.0140000	-0.3000000	339.833509910096
0.0140000	-0.2750000	294.003442947732
0.0140000	-0.2500000	252.405057725292
0.0140000	-0.2250000	215.027303403866
0.0140000	-0.2000000	181.859965631869
0.0140000	-0.1750000	152.893580794091
0.0140000	-0.1500000	128.119361244531
0.0140000	-0.1250000	107.529129848820
0.0140000	-0.1000000	91.115262455957
0.0140000	-0.0750000	78.870637154930
0.0140000	-0.0500000	70.788589362254
0.0140000	-0.0250000	66.862871941251
0.0140000	0.0000000	67.087619680305
0.0140000	0.0250000	71.457317561281
0.0140000	0.0500000	79.966772335019
0.0140000	0.0750000	92.611086992050
0.0140000	0.1000000	109.385637775977
0.0140000	0.1250000	130.286053436666
0.0140000	0.1500000	155.308196462125
0.0140000	0.1750000	184.448146063237
0.0140000	0.2000000	217.702182715340
0.0140000	0.2250000	255.066774086076
0.0140000	0.2500000	296.538562200571
0.0140000	0.2750000	342.114351713596
0.0140000	0.3000000	391.791099174248
0.0140000	0.3250000	445.565903182472
0.0140000	0.3500000	503.435995348547
0.0140000	0.3750000	565.398731976982
0.0140000	0.4000000	631.451586405179
0.0140000	0.4250000	701.592141934979
0.0140000	0.4500000	775.818085302044
0.0140000	0.4750000	854.127200633917
0.0140000	0.5000000	936.517363852868
0.0150000	-0.5000000	870.706819888522
0.0150000	-0.4750000	790.778069066244
0.0150000	-0.4500000	715.213708137562
0.0150000	-0.4250000	643.990759383268
0.0150000	-0.4000000	577.088533531327
0.0150000	-0.3750000	514.488322947518
0.0150000	-0.3500000	456.173145877817
0.0150000	-0.3250000	402.127531704183
0.0150000	-0.3000000	352.337339432970
0.0150000	-0.2750000	306.789603325396
0.0150000	-0.2500000	265.472400858901
0.0150000	-0.2250000	228.374739186655
0.0150000	-0.2000000	195.486457017880
0.0150000	-0.1750000	166.798139430011
0.0150000	-0.1500000	142.301043585754
0.0150000	-0.1250000	121.987033693817
0.0150000	-0.1000000	105.848523843537
0.0150000	-0.0750000	93.878427577577
0.0150000	-0.0500000	86.070113255837
0.0150000	-0.0250000	82.417364417242
0.0150000	0.0000000	82.914344471544
0.0150000	0.0250000	87.555565156367
0.0150000	0.0500000	96.335858279869
0.0150000	0.0750000	109.250350340015
0.0150000	0.1000000	126.294439670372
0.0150000	0.1250000	147.463775811623
0.0150000	0.1500000	172.754240849470
0.0150000	0.1750000	202.161932494589
0.0150000	0.2000000	235.683148709939
0.0150000	0.2250000	273.314373715968
0.0150000	0.2500000	315.052265225748
0.0150000	0.2750000	360.893642780523
0.0150000	0.3000000	410.835477071957
0.0150000	0.3250000	464.874880151008
0.0150000	0.3500000	523.009096435154
0.0150000	0.3750000	585.235494435858
0.0150000	0.4000000	651.551559137092
0.0150000	0.4250000	721.954884963408
0.0150000	0.4500000	796.443169282815
0.0150000	0.4750000	875.014206395654
0.0150000	0.5000000	957.665881965780
0.0160000	-0.5000000	882.871064980314
0.0160000	-0.4750000	803.248103312161
0.0160000	-0.4500000	727.987743367838
0.0160000	-0.4250000	657.067135145607
0.0160000	-0.4000000	590.465702445758
0.0160000	-0.3750000	528.164838258579
0.0160000	-0.3500000	470.147650805535
0.0160000	-0.3250000	416.398750279038
0.0160000	-0.3000000	366.904068563971
0.0160000	-0.2750000	321.650705899648
0.0160000	-0.2500000	280.626799709380
0.0160000	-0.2250000	243.821411795017
0.0160000	-0.2000000	211.224430842937
0.0160000	-0.1750000	182.826487771489
0.0160000	-0.1500000	158.618881908224
0.0160000	-0.1250000	138.593516347995
0.0160000	-0.1000000	122.742841132190
0.0160000	-0.0750000	111.059803121486
0.0160000	-0.0500000	103.537801622020
0.0160000	-0.0250000	100.170648977225
0.0160000	0.0000000	100.952535462119
0.0160000	0.0250000	105.877997919171
0.0160000	0.0500000	114.941891659348
0.0160000	0.0750000	128.139365222119
0.0160000	0.1000000	145.465837646621
0.0160000	0.1250000	166.916977955180
0.0160000	0.1500000	192.488686591522
0.0160000	0.1750000	222.177078590806
0.0160000	0.2000000	255.978468287984
0.0160000	0.2250000	293.889355396128
0.0160000	0.2500000	335.906412307665
0.0160000	0.2750000	382.026472489790
0.0160000	0.3000000	432.246519861069
0.0160000	0.3250000	486.563679049738
0.0160000	0.3500000	544.975206445958
0.0160000	0.3750000	607.478481970394
0.0160000	0.4000000	674.071001490313
0.0160000	0.4250000	744.750369822086
0.0160000	0.4500000	819.514294265640
0.0160000	0.4750000	898.360578622346
0.0160000	0.5000000	981.287117652894
0.0170000	-0.5000000	897.106887248216
0.0170000	-0.4750000	817.800960310026
0.0170000	-0.4500000	742.855959737010
0.0170000	-0.4250000	672.249155934118
0.0170000	-0.4000000	605.960079237808
0.0170000	-0.3750000	543.970217390041
0.0170000	-0.3500000	486.262763286744
0.0170000	-0.3250000	432.822403125744
0.0170000	-0.3000000	383.635137298062
0.0170000	-0.2750000	338.688128028102
0.0170000	-0.2500000	297.969569026359
0.0170000	-0.2250000	261.468573380594
0.0170000	-0.2000000	229.175076654614
0.0170000	-0.1750000	201.079752742706
0.0170000	-0.1500000	177.173940482546
0.0170000	-0.1250000	157.449579389395
0.0170000	-0.1000000	141.899153161360
0.0170000	-0.0750000	130.515639835938
0.0170000	-0.0500000	123.292467664110
0.0170000	-0.0250000	120.223475919590
0.0170000	0.0000000	121.302879984401
0.0170000	0.0250000	126.525240153590
0.0170000	0.0500000	135.885433685798
0.0170000	0.0750000	149.378629696046
0.0170000	0.1000000	167.000266545153
0.0170000	0.1250000	188.746031428864
0.0170000	0.1500000	214.611841910612
0.0170000	0.1750000	244.593829176398
0.0170000	0.2000000	278.688322819502
0.0170000	0.2250000	316.891836987640
0.0170000	0.2500000	359.201057746397
0.0170000	0.2750000	405.612831530973
0.0170000	0.3000000	456.124154573889
0.0170000	0.3250000	510.732163209750
0.0170000	0.3500000	569.434124969819
0.0170000	0.3750000	632.227430389208
0.0170000	0.4000000	699.109585458273
0.0170000	0.4250000	770.078204657421
0.0170000	0.4500000	845.131004521209
0.0170000	0.4750000	924.265797683429
0.0170000	0.5000000	1007.480487360039
0.0180000	-0.5000000	913.505314994935
0.0180000	-0.4750000	834.527693375711
0.0180000	-0.4500000	759.909434905326
0.0180000	-0.4250000	689.627922968747
0.0180000	-0.4000000	623.662787812458
0.0180000	-0.3750000	561.995605988181
0.0180000	-0.3500000	504.609649713164
0.0180000	-0.3250000	451.489676347261
0.0180000	-0.3000000	402.621750388127
0.0180000	-0.2750000	357.993092034316
0.0180000	-0.2500000	317.591947614360
0.0180000	-0.2250000	281.407478134830
0.0180000	-0.2000000	249.429662937906
0.0180000	-0.1750000	221.649216033578
0.0180000	-0.1500000	198.057513122989
0.0180000	-0.1250000	178.646527686815
0.0180000	-0.1000000	163.408774797472
0.0180000	-0.0750000	152.337261542715
0.0180000	-0.0500000	145.425443133000
0.0180000	-0.0250000	142.667183915180
0.0180000	0.0000000	144.056722637924
0.0180000	0.0250000	149.588641415113
0.0180000	0.0500000	159.257837916877
0.0180000	0.0750000	173.059500387077
0.0180000	0.1000000	190.989085143743
0.0180000	0.1250000	213.042296267300
0.0180000	0.1500000	239.215067222032
0.0180000	0.1750000	269.503544190531
0.0180000	0.2000000	303.904070929974
0.0180000	0.2250000	342.413174983787
0.0180000	0.2500000	385.027555103347
0.0180000	0.2750000	431.744069752473
0.0180000	0.3000000	482.559726582976
0.0180000	0.3250000	537.471672782899
0.0180000	0.3500000	596.477186210683
0.0180000	0.3750000	659.573667238464
0.0180000	0.4000000	726.758631236467
0.0180000	0.4250000	798.029701638008
0.0180000	0.4500000	873.384603531274
0.0180000	0.4750000	952.821157729834
0.0180000	0.5000000	1036.337275278934
0.0190000	-0.5000000	932.148967139084
0.0190000	-0.4750000	853.511013223745
0.0190000	-0.4500000	779.230966613791
0.0190000	-0.4250000	709.286316545360
0.0190000	-0.4000000	643.656786819297
0.0190000	-0.3750000	582.324037101654
0.0190000	-0.3500000	525.271413803188
0.0190000	-0.3250000	472.483740808998
0.0190000	-0.3000000	423.947142513806
0.0190000	-0.2750000	379.648893254425
0.0190000	-0.2500000	339.577288469999
0.0190000	-0.2250000	303.721533868542
0.0190000	-0.2000000	272.071649610469
0.0190000	-0.1750000	244.618387090378
0.0190000	-0.1500000	221.353156346494
0.0190000	-0.1250000	202.267962482129
0.0190000	-0.1000000	187.355349766453
0.0190000	-0.0750000	176.608352309080
0.0190000	-0.0500000	170.020450386576
0.0190000	-0.0250000	167.585531648175
0.0190000	0.0000000	169.297856550034
0.0190000	0.0250000	175.152027467564
0.0190000	0.0500000	185.142961018246
0.0190000	0.0750000	199.265863196059
0.0190000	0.1000000	217.516206976006
0.0190000	0.1250000	239.889712095210
0.0190000	0.1500000	266.382326757473
0.0190000	0.1750000	296.990211042251
0.0190000	0.2000000	331.709721827926
0.0190000	0.2250000	370.537399063837
0.0190000	0.2500000	413.469953246487
0.0190000	0.2750000	460.504253973371
0.0190000	0.3000000	511.637319463238
0.0190000	0.3250000	566.866306944977
0.0190000	0.3500000	626.188503828751
0.0190000	0.3750000	689.601319583026
0.0190000	0.4000000	757.102278249760
0.0190000	0.4250000	828.689011537590
0.0190000	0.4500000	904.359252439431
0.0190000	0.4750000	984.110829326700
0.0190000	0.5000000	1067.941660477397
0.0200000	-0.5000000	953.112057645071
0.0200000	-0.4750000	874.825188619410
0.0200000	-0.4500000	800.894877412669
0.0200000	-0.4250000	731.298711957230
0.0200000	-0.4000000	666.016503234056
0.0200000	-0.3750000	605.029988315713
0.0200000	-0.3500000	548.322582671376
0.0200000	-0.3250000	495.879172071560
0.0200000	-0.3000000	447.685936598946
0.0200000	-0.2750000	403.730200896084
0.0200000	-0.2500000	364.000306011088
0.0200000	-0.2250000	328.485499143807
0.0200000	-0.2000000	297.175838322171
0.0200000	-0.1750000	270.062109605050
0.0200000	-0.1500000	247.135754853228
0.0200000	-0.1250000	228.388808462631
0.0200000	-0.1000000	213.813841735102
0.0200000	-0.0750000	203.403913787753
0.0200000	-0.0500000	197.152528084372
0.0200000	-0.0250000	195.053593820627
0.0200000	0.0000000	197.101391516057
0.0200000	0.0250000	203.290542265507
0.0200000	0.0500000	213.615980184974
0.0200000	0.0750000	228.072927655181
0.0200000	0.1000000	246.656873023197
0.0200000	0.1250000	269.363550470145
0.0200000	0.1500000	296.188921793218
0.0200000	0.1750000	327.129159884098
0.0200000	0.2000000	362.180633714632
0.0200000	0.2250000	401.339894665065
0.0200000	0.2500000	444.603664050993
0.0200000	0.2750000	491.968821723071
0.0200000	0.3000000	543.432395628883
0.0200000	0.3250000	598.991552239592
0.0200000	0.3500000	658.643587755452
0.0200000	0.3750000	722.385920014159
0.0200000	0.4000000	790.216081034645
0.0200000	0.4250000	862.131710136423
0.0200000	0.4500000	938.130547581161
0.0200000	0.4750000	1018.210428688883
0.0200000	0.5000000	1102.369278386266
