0.00000000	-0.01000000	0.020657113860
0.00000000	-0.00900000	0.016730998988
0.00000000	-0.00800000	0.013219583540
0.00000000	-0.00700000	0.010122489162
0.00000000	-0.00600000	0.007439338418
0.00000000	-0.00500000	0.005169754789
0.00000000	-0.00400000	0.003313362668
0.00000000	-0.00300000	0.001869787361
0.00000000	-0.00200000	0.000838655076
0.00000000	-0.00100000	0.000219592928
0.00000000	0.00000000	0.000012228932
0.00000000	0.00100000	0.000216191999
0.00000000	0.00200000	0.000831111938
0.00000000	0.00300000	0.001856619446
0.00000000	0.00400000	0.003292346110
0.00000000	0.00500000	0.005137924405
0.00000000	0.00600000	0.007392987684
0.00000000	0.00700000	0.010057170184
0.00000000	0.00800000	0.013130107016
0.00000000	0.00900000	0.016611434166
0.00000000	0.01000000	0.020500788492
0.00050000	-0.01000000	0.029484802911
0.00050000	-0.00900000	0.024980163108
0.00050000	-0.00800000	0.020890751329
0.00050000	-0.00700000	0.017216188342
0.00050000	-0.00600000	0.013956095834
0.00050000	-0.00500000	0.011110096414
0.00050000	-0.00400000	0.008677813604
0.00050000	-0.00300000	0.006658871837
0.00050000	-0.00200000	0.005052896459
0.00050000	-0.00100000	0.003859513718
0.00050000	0.00000000	0.003078350766
0.00050000	0.00100000	0.002709035657
0.00050000	0.00200000	0.002751197339
0.00050000	0.00300000	0.003204465655
0.00050000	0.00400000	0.004068471340
0.00050000	0.00500000	0.005342846015
0.00050000	0.00600000	0.007027222187
0.00050000	0.00700000	0.009121233245
0.00050000	0.00800000	0.011624513456
0.00050000	0.00900000	0.014536697965
0.00050000	0.01000000	0.017857422787
0.00100000	-0.01000000	0.039403597752
0.00100000	-0.00900000	0.034525914762
0.00100000	-0.00800000	0.030063965453
0.00100000	-0.00700000	0.026017369735
0.00100000	-0.00600000	0.022385748442
0.00100000	-0.00500000	0.019168723329
0.00100000	-0.00400000	0.016365917069
0.00100000	-0.00300000	0.013976953247
0.00100000	-0.00200000	0.012001456363
0.00100000	-0.00100000	0.010439051821
0.00100000	0.00000000	0.009289365933
0.00100000	0.00100000	0.008552025914
0.00100000	0.00200000	0.008226659874
0.00100000	0.00300000	0.008312896824
0.00100000	0.00400000	0.008810366663
0.00100000	0.00500000	0.009718700185
0.00100000	0.00600000	0.011037529068
0.00100000	0.00700000	0.012766485874
0.00100000	0.00800000	0.014905204048
0.00100000	0.00900000	0.017453317912
0.00100000	0.01000000	0.020410462664
0.00150000	-0.01000000	0.047716705836
0.00150000	-0.00900000	0.042674814139
0.00150000	-0.00800000	0.038049135471
0.00150000	-0.00700000	0.033839288913
0.00150000	-0.00600000	0.030044894469
0.00150000	-0.00500000	0.026665573071
0.00150000	-0.00400000	0.023700946566
0.00150000	-0.00300000	0.021150637720
0.00150000	-0.00200000	0.019014270213
0.00150000	-0.00100000	0.017291468632
0.00150000	0.00000000	0.015981858476
0.00150000	0.00100000	0.015085066145
0.00150000	0.00200000	0.014600718941
0.00150000	0.00300000	0.014528445064
0.00150000	0.00400000	0.014867873611
0.00150000	0.00500000	0.015618634568
0.00150000	0.00600000	0.016780358814
0.00150000	0.00700000	0.018352678110
0.00150000	0.00800000	0.020335225104
0.00150000	0.00900000	0.022727633323
0.00150000	0.01000000	0.025529537170
0.00200000	-0.01000000	0.054144277454
0.00200000	-0.00900000	0.049146165699
0.00200000	-0.00800000	0.044564721647
0.00200000	-0.00700000	0.040399563572
0.00200000	-0.00600000	0.036650310676
0.00200000	-0.00500000	0.033316583087
0.00200000	-0.00400000	0.030398001854
0.00200000	-0.00300000	0.027894188944
0.00200000	-0.00200000	0.025804767242
0.00200000	-0.00100000	0.024129360543
0.00200000	0.00000000	0.022867593553
0.00200000	0.00100000	0.022019091883
0.00200000	0.00200000	0.021583482049
0.00200000	0.00300000	0.021560391466
0.00200000	0.00400000	0.021949448448
0.00200000	0.00500000	0.022750282200
0.00200000	0.00600000	0.023962522823
0.00200000	0.00700000	0.025585801301
0.00200000	0.00800000	0.027619749508
0.00200000	0.00900000	0.030064000198
0.00200000	0.01000000	0.032918187005
0.00250000	-0.01000000	0.060684872291
0.00250000	-0.00900000	0.055938899768
0.00250000	-0.00800000	0.051610023939
0.00250000	-0.00700000	0.047697862299
0.00250000	-0.00600000	0.044202033273
0.00250000	-0.00500000	0.041122156214
0.00250000	-0.00400000	0.038457851395
0.00250000	-0.00300000	0.036208740014
0.00250000	-0.00200000	0.034374444185
0.00250000	-0.00100000	0.032954586938
0.00250000	0.00000000	0.031948792211
0.00250000	0.00100000	0.031356684854
0.00250000	0.00200000	0.031177890620
0.00250000	0.00300000	0.031412036168
0.00250000	0.00400000	0.032058749052
0.00250000	0.00500000	0.033117657725
0.00250000	0.00600000	0.034588391531
0.00250000	0.00700000	0.036470580708
0.00250000	0.00800000	0.038763856378
0.00250000	0.00900000	0.041467850548
0.00250000	0.01000000	0.044582196109
0.00300000	-0.01000000	0.071691726975
0.00300000	-0.00900000	0.067406328513
0.00300000	-0.00800000	0.063538429667
0.00300000	-0.00700000	0.060087647178
0.00300000	-0.00600000	0.057053598719
0.00300000	-0.00500000	0.054435902896
0.00300000	-0.00400000	0.052234179236
0.00300000	-0.00300000	0.050448048193
0.00300000	-0.00200000	0.049077131139
0.00300000	-0.00100000	0.048121050362
0.00300000	0.00000000	0.047579429064
0.00300000	0.00100000	0.047451891358
0.00300000	0.00200000	0.047738062264
0.00300000	0.00300000	0.048437567706
0.00300000	0.00400000	0.049550034511
0.00300000	0.00500000	0.051075090402
0.00300000	0.00600000	0.053012363999
0.00300000	0.00700000	0.055361484814
0.00300000	0.00800000	0.058122083246
0.00300000	0.00900000	0.061293790584
0.00300000	0.01000000	0.064876238999
0.00350000	-0.01000000	0.093663660157
0.00350000	-0.00900000	0.090046541588
0.00350000	-0.00800000	0.086847299717
0.00350000	-0.00700000	0.084065550562
0.00350000	-0.00600000	0.081700911075
0.00350000	-0.00500000	0.079752999139
0.00350000	-0.00400000	0.078221433565
0.00350000	-0.00300000	0.077105834089
0.00350000	-0.00200000	0.076405821370
0.00350000	-0.00100000	0.076121016982
0.00350000	0.00000000	0.076251043419
0.00350000	0.00100000	0.076795524083
0.00350000	0.00200000	0.077754083289
0.00350000	0.00300000	0.079126346256
0.00350000	0.00400000	0.080911939108
0.00350000	0.00500000	0.083110488867
0.00350000	0.00600000	0.085721623454
0.00350000	0.00700000	0.088744971684
0.00350000	0.00800000	0.092180163262
0.00350000	0.00900000	0.096026828782
0.00350000	0.01000000	0.100284599725
0.00400000	-0.01000000	0.135200403817
0.00400000	-0.00900000	0.132456847209
0.00400000	-0.00800000	0.130131521389
0.00400000	-0.00700000	0.128224041672
0.00400000	-0.00600000	0.126734024308
0.00400000	-0.00500000	0.125661086483
0.00400000	-0.00400000	0.125004846310
0.00400000	-0.00300000	0.124764922829
0.00400000	-0.00200000	0.124940936006
0.00400000	-0.00100000	0.125532506725
0.00400000	0.00000000	0.126539256789
0.00400000	0.00100000	0.127960808913
0.00400000	0.00200000	0.129796786727
0.00400000	0.00300000	0.132046814766
0.00400000	0.00400000	0.134710518472
0.00400000	0.00500000	0.137787524187
0.00400000	0.00600000	0.141277459154
0.00400000	0.00700000	0.145179951512
0.00400000	0.00800000	0.149494630292
0.00400000	0.00900000	0.154221125416
0.00400000	0.01000000	0.159359067692
0.00450000	-0.01000000	0.206388565545
0.00450000	-0.00900000	0.204723136512
0.00450000	-0.00800000	0.203476268469
0.00450000	-0.00700000	0.202647576054
0.00450000	-0.00600000	0.202236674843
0.00450000	-0.00500000	0.202243181346
0.00450000	-0.00400000	0.202666713005
0.00450000	-0.00300000	0.203506888193
0.00450000	-0.00200000	0.204763326204
0.00450000	-0.00100000	0.206435647260
0.00450000	0.00000000	0.208523472496
0.00450000	0.00100000	0.211026423969
0.00450000	0.00200000	0.213944124645
0.00450000	0.00300000	0.217276198402
0.00450000	0.00400000	0.221022270025
0.00450000	0.00500000	0.225181965201
0.00450000	0.00600000	0.229754910520
0.00450000	0.00700000	0.234740733470
0.00450000	0.00800000	0.240139062432
0.00450000	0.00900000	0.245949526680
0.00450000	0.01000000	0.252171756377
0.00500000	-0.01000000	0.319707284345
0.00500000	-0.00900000	0.319322974028
0.00500000	-0.00800000	0.319357531949
0.00500000	-0.00700000	0.319810572093
0.00500000	-0.00600000	0.320681709384
0.00500000	-0.00500000	0.321970559685
0.00500000	-0.00400000	0.323676739791
0.00500000	-0.00300000	0.325799867427
0.00500000	-0.00200000	0.328339561247
0.00500000	-0.00100000	0.331295440827
0.00500000	0.00000000	0.334667126666
0.00500000	0.00100000	0.338454240181
0.00500000	0.00200000	0.342656403702
0.00500000	0.00300000	0.347273240472
0.00500000	0.00400000	0.352304374644
0.00500000	0.00500000	0.357749431274
0.00500000	0.00600000	0.363608036322
0.00500000	0.00700000	0.369879816648
0.00500000	0.00800000	0.376564400009
0.00500000	0.00900000	0.383661415054
0.00500000	0.01000000	0.391170491324
0.00550000	-0.01000000	0.488157569208
0.00550000	-0.00900000	0.489253811093
0.00550000	-0.00800000	0.490769208202
0.00550000	-0.00700000	0.492703373885
0.00550000	-0.00600000	0.495055922438
0.00550000	-0.00500000	0.497826469093
0.00550000	-0.00400000	0.501014630018
0.00550000	-0.00300000	0.504620022313
0.00550000	-0.00200000	0.508642264007
0.00550000	-0.00100000	0.513080974057
0.00550000	0.00000000	0.517935772339
0.00550000	0.00100000	0.523206279653
0.00550000	0.00200000	0.528892117712
0.00550000	0.00300000	0.534992909145
0.00550000	0.00400000	0.541508277490
0.00550000	0.00500000	0.548437847193
0.00550000	0.00600000	0.555781243604
0.00550000	0.00700000	0.563538092975
0.00550000	0.00800000	0.571708022457
0.00550000	0.00900000	0.580290660094
0.00550000	0.01000000	0.589285634824
0.00600000	-0.01000000	0.727163157219
0.00600000	-0.00900000	0.729938524908
0.00600000	-0.00800000	0.733133313780
0.00600000	-0.00700000	0.736747136580
0.00600000	-0.00600000	0.740779606994
0.00600000	-0.00500000	0.745230339649
0.00600000	-0.00400000	0.750098950111
0.00600000	-0.00300000	0.755385054878
0.00600000	-0.00200000	0.761088271379
0.00600000	-0.00100000	0.767208217971
0.00600000	0.00000000	0.773744513937
0.00600000	0.00100000	0.780696779478
0.00600000	0.00200000	0.788064635717
0.00600000	0.00300000	0.795847704690
0.00600000	0.00400000	0.804045609345
0.00600000	0.00500000	0.812657973540
0.00600000	0.00600000	0.821684422040
0.00600000	0.00700000	0.831124580511
0.00600000	0.00800000	0.840978075521
0.00600000	0.00900000	0.851244534531
0.00600000	0.01000000	0.861923585902
0.00650000	-0.01000000	1.052279094358
0.00650000	-0.00900000	1.056928518562
0.00650000	-0.00800000	1.061997611648
0.00650000	-0.00700000	1.067485985769
0.00650000	-0.00600000	1.073393254026
0.00650000	-0.00500000	1.079719030459
0.00650000	-0.00400000	1.086462930048
0.00650000	-0.00300000	1.093624568711
0.00650000	-0.00200000	1.101203563295
0.00650000	-0.00100000	1.109199531577
0.00650000	0.00000000	1.117612092262
0.00650000	0.00100000	1.126440864977
0.00650000	0.00200000	1.135685470268
0.00650000	0.00300000	1.145345529600
0.00650000	0.00400000	1.155420665350
0.00650000	0.00500000	1.165910500806
0.00650000	0.00600000	1.176814660165
0.00650000	0.00700000	1.188132768526
0.00650000	0.00800000	1.199864451894
0.00650000	0.00900000	1.212009337167
0.00650000	0.01000000	1.224567052143
0.00700000	-0.01000000	1.481240475752
0.00700000	-0.00900000	1.487957156967
0.00700000	-0.00800000	1.495093736793
0.00700000	-0.00700000	1.502649826813
0.00700000	-0.00600000	1.510625039562
0.00700000	-0.00500000	1.519018988514
0.00700000	-0.00400000	1.527831288085
0.00700000	-0.00300000	1.537061553630
0.00700000	-0.00200000	1.546709401435
0.00700000	-0.00100000	1.556774448719
0.00700000	0.00000000	1.567256313628
0.00700000	0.00100000	1.578154615234
0.00700000	0.00200000	1.589468973528
0.00700000	0.00300000	1.601199009423
0.00700000	0.00400000	1.613344344744
0.00700000	0.00500000	1.625904602231
0.00700000	0.00600000	1.638879405530
0.00700000	0.00700000	1.652268379197
0.00700000	0.00800000	1.666071148689
0.00700000	0.00900000	1.680287340363
0.00700000	0.01000000	1.694916581474
0.00750000	-0.01000000	2.031596534537
0.00750000	-0.00900000	2.040570554041
0.00750000	-0.00800000	2.049964685831
0.00750000	-0.00700000	2.059778540938
0.00750000	-0.00600000	2.070011731347
0.00750000	-0.00500000	2.080663869984
0.00750000	-0.00400000	2.091734570718
0.00750000	-0.00300000	2.103223448359
0.00750000	-0.00200000	2.115130118651
0.00750000	-0.00100000	2.127454198269
0.00750000	0.00000000	2.140195304820
0.00750000	0.00100000	2.153353056837
0.00750000	0.00200000	2.166927073775
0.00750000	0.00300000	2.180916976009
0.00750000	0.00400000	2.195322384832
0.00750000	0.00500000	2.210142922449
0.00750000	0.00600000	2.225378211978
0.00750000	0.00700000	2.241027877444
0.00750000	0.00800000	2.257091543776
0.00750000	0.00900000	2.273568836805
0.00750000	0.01000000	2.290459383261
0.00800000	-0.01000000	2.721801002212
0.00800000	-0.00900000	2.733219417383
0.00800000	-0.00800000	2.745058143941
0.00800000	-0.00700000	2.757316792386
0.00800000	-0.00600000	2.769994974166
0.00800000	-0.00500000	2.783092301677
0.00800000	-0.00400000	2.796608388259
0.00800000	-0.00300000	2.810542848191
0.00800000	-0.00200000	2.824895296690
0.00800000	-0.00100000	2.839665349907
0.00800000	0.00000000	2.854852624924
0.00800000	0.00100000	2.870456739751
0.00800000	0.00200000	2.886477313323
0.00800000	0.00300000	2.902913965494
0.00800000	0.00400000	2.919766317040
0.00800000	0.00500000	2.937033989650
0.00800000	0.00600000	2.954716605926
0.00800000	0.00700000	2.972813789380
0.00800000	0.00800000	2.991325164428
0.00800000	0.00900000	3.010250356392
0.00800000	0.01000000	3.029588991492
0.00850000	-0.01000000	3.570044044426
0.00850000	-0.00900000	3.584090682945
0.00850000	-0.00800000	3.598557819069
0.00850000	-0.00700000	3.613445062777
0.00850000	-0.00600000	3.628752025000
0.00850000	-0.00500000	3.644478317617
0.00850000	-0.00400000	3.660623553451
0.00850000	-0.00300000	3.677187346268
0.00850000	-0.00200000	3.694169310772
0.00850000	-0.00100000	3.711569062604
0.00850000	0.00000000	3.729386218335
0.00850000	0.00100000	3.747620395468
0.00850000	0.00200000	3.766271212430
0.00850000	0.00300000	3.785338288571
0.00850000	0.00400000	3.804821244164
0.00850000	0.00500000	3.824719700394
0.00850000	0.00600000	3.845033279364
0.00850000	0.00700000	3.865761604085
0.00850000	0.00800000	3.886904298477
0.00850000	0.00900000	3.908460987364
0.00850000	0.01000000	3.930431296473
0.00900000	-0.01000000	4.596592949546
0.00900000	-0.00900000	4.613449148955
0.00900000	-0.00800000	4.630726020327
0.00900000	-0.00700000	4.648423173136
0.00900000	-0.00600000	4.666540217806
0.00900000	-0.00500000	4.685076765714
0.00900000	-0.00400000	4.704032429179
0.00900000	-0.00300000	4.723406821469
0.00900000	-0.00200000	4.743199556789
0.00900000	-0.00100000	4.763410250280
0.00900000	0.00000000	4.784038518020
0.00900000	0.00100000	4.805083977016
0.00900000	0.00200000	4.826546245201
0.00900000	0.00300000	4.848424941436
0.00900000	0.00400000	4.870719685501
0.00900000	0.00500000	4.893430098094
0.00900000	0.00600000	4.916555800830
0.00900000	0.00700000	4.940096416234
0.00900000	0.00800000	4.964051567741
0.00900000	0.00900000	4.988420879693
0.00900000	0.01000000	5.013203977333
0.00950000	-0.01000000	5.820163795708
0.00950000	-0.00900000	5.840009911021
0.00950000	-0.00800000	5.860276860505
0.00950000	-0.00700000	5.880964253139
0.00950000	-0.00600000	5.902071698860
0.00950000	-0.00500000	5.923598808556
0.00950000	-0.00400000	5.945545194062
0.00950000	-0.00300000	5.967910468159
0.00950000	-0.00200000	5.990694244568
0.00950000	-0.00100000	6.013896137951
0.00950000	0.00000000	6.037515763901
0.00950000	0.00100000	6.061552738949
0.00950000	0.00200000	6.086006680550
0.00950000	0.00300000	6.110877207086
0.00950000	0.00400000	6.136163937864
0.00950000	0.00500000	6.161866493108
0.00950000	0.00600000	6.187984493961
0.00950000	0.00700000	6.214517562476
0.00950000	0.00800000	6.241465321620
0.00950000	0.00900000	6.268827395266
0.00950000	0.01000000	6.296603408190
0.01000000	-0.01000000	7.261645751370
0.01000000	-0.00900000	7.284658127262
0.01000000	-0.00800000	7.308091489557
0.01000000	-0.00700000	7.331945446757
0.01000000	-0.00600000	7.356219608325
0.01000000	-0.00500000	7.380913584671
0.01000000	-0.00400000	7.406026987159
0.01000000	-0.00300000	7.431559428096
0.01000000	-0.00200000	7.457510520734
0.01000000	-0.00100000	7.483879879265
0.01000000	0.00000000	7.510667118816
0.01000000	0.00100000	7.537871855448
0.01000000	0.00200000	7.565493706154
0.01000000	0.00300000	7.593532288852
0.01000000	0.00400000	7.621987222386
0.01000000	0.00500000	7.650858126519
0.01000000	0.00600000	7.680144621933
0.01000000	0.00700000	7.709846330225
0.01000000	0.00800000	7.739962873904
0.01000000	0.00900000	7.770493876387
0.01000000	0.01000000	7.801438961997
