0.00000000	-0.01000000	0.020657113860
0.00000000	-0.00900000	0.016730998988
0.00000000	-0.00800000	0.013219583540
0.00000000	-0.00700000	0.010122489162
0.00000000	-0.00600000	0.007439338418
0.00000000	-0.00500000	0.005169754789
0.00000000	-0.00400000	0.003313362668
0.00000000	-0.00300000	0.001869787361
0.00000000	-0.00200000	0.000838655076
0.00000000	-0.00100000	0.000219592928
0.00000000	0.00000000	0.000012228932
0.00000000	0.00100000	0.000216191999
0.00000000	0.00200000	0.000831111938
0.00000000	0.00300000	0.001856619446
0.00000000	0.00400000	0.003292346110
0.00000000	0.00500000	0.005137924405
0.00000000	0.00600000	0.007392987684
0.00000000	0.00700000	0.010057170184
0.00000000	0.00800000	0.013130107016
0.00000000	0.00900000	0.016611434166
0.00000000	0.01000000	0.020500788492
0.00050000	-0.01000000	0.017963426911
0.00050000	-0.00900000	0.014821968551
0.00050000	-0.00800000	0.012094656735
0.00050000	-0.00700000	0.009781114013
0.00050000	-0.00600000	0.007880963849
0.00050000	-0.00500000	0.006393830623
0.00050000	-0.00400000	0.005319339623
0.00050000	-0.00300000	0.004657117048
0.00050000	-0.00200000	0.004406789998
0.00050000	-0.00100000	0.004567986476
0.00050000	0.00000000	0.005140335383
0.00050000	0.00100000	0.006123466516
0.00050000	0.00200000	0.007517010564
0.00050000	0.00300000	0.009320599104
0.00050000	0.00400000	0.011533864602
0.00050000	0.00500000	0.014156440404
0.00050000	0.00600000	0.017187960740
0.00050000	0.00700000	0.020628060715
0.00050000	0.00800000	0.024476376309
0.00050000	0.00900000	0.028732544374
0.00050000	0.01000000	0.033396202631
0.00100000	-0.01000000	0.028789615444
0.00100000	-0.00900000	0.026637072909
0.00100000	-0.00800000	0.024898100175
0.00100000	-0.00700000	0.023572320717
0.00100000	-0.00600000	0.022659358928
0.00100000	-0.00500000	0.022158840110
0.00100000	-0.00400000	0.022070390475
0.00100000	-0.00300000	0.022393637138
0.00100000	-0.00200000	0.023128208117
0.00100000	-0.00100000	0.024273732330
0.00100000	0.00000000	0.025829839589
0.00100000	0.00100000	0.027796160600
0.00100000	0.00200000	0.030172326960
0.00100000	0.00300000	0.032957971151
0.00100000	0.00400000	0.036152726540
0.00100000	0.00500000	0.039756227375
0.00100000	0.00600000	0.043768108782
0.00100000	0.00700000	0.048188006763
0.00100000	0.00800000	0.053015558190
0.00100000	0.00900000	0.058250400808
0.00100000	0.01000000	0.063892173224
0.00150000	-0.01000000	0.062722850991
0.00150000	-0.00900000	0.061757909513
0.00150000	-0.00800000	0.061205943788
0.00150000	-0.00700000	0.061066578234
0.00150000	-0.00600000	0.061339438179
0.00150000	-0.00500000	0.062024149861
0.00150000	-0.00400000	0.063120340425
0.00150000	-0.00300000	0.064627637917
0.00150000	-0.00200000	0.066545671282
0.00150000	-0.00100000	0.068874070364
0.00150000	0.00000000	0.071612465898
0.00150000	0.00100000	0.074760489513
0.00150000	0.00200000	0.078317773721
0.00150000	0.00300000	0.082283951922
0.00150000	0.00400000	0.086658658397
0.00150000	0.00500000	0.091441528305
0.00150000	0.00600000	0.096632197681
0.00150000	0.00700000	0.102230303434
0.00150000	0.00800000	0.108235483342
0.00150000	0.00900000	0.114647376049
0.00150000	0.01000000	0.121465621064
0.00200000	-0.01000000	0.131304723625
0.00200000	-0.00900000	0.131725719727
0.00200000	-0.00800000	0.132559078570
0.00200000	-0.00700000	0.133804425530
0.00200000	-0.00600000	0.135461386890
0.00200000	-0.00500000	0.137529589841
0.00200000	-0.00400000	0.140008662477
0.00200000	-0.00300000	0.142898233790
0.00200000	-0.00200000	0.146197933674
0.00200000	-0.00100000	0.149907392912
0.00200000	0.00000000	0.154026243181
0.00200000	0.00100000	0.158554117046
0.00200000	0.00200000	0.163490647957
0.00200000	0.00300000	0.168835470245
0.00200000	0.00400000	0.174588219123
0.00200000	0.00500000	0.180748530677
0.00200000	0.00600000	0.187316041869
0.00200000	0.00700000	0.194290390531
0.00200000	0.00800000	0.201671215361
0.00200000	0.00900000	0.209458155923
0.00200000	0.01000000	0.217650852643
0.00250000	-0.01000000	0.248387006292
0.00250000	-0.00900000	0.250390585655
0.00250000	-0.00800000	0.252805895397
0.00250000	-0.00700000	0.255632561872
0.00250000	-0.00600000	0.258870212340
0.00250000	-0.00500000	0.262518474964
0.00250000	-0.00400000	0.266576978810
0.00250000	-0.00300000	0.271045353838
0.00250000	-0.00200000	0.275923230907
0.00250000	-0.00100000	0.281210241766
0.00250000	0.00000000	0.286906019050
0.00250000	0.00100000	0.293010196284
0.00250000	0.00200000	0.299522407874
0.00250000	0.00300000	0.306442289104
0.00250000	0.00400000	0.313769476138
0.00250000	0.00500000	0.321503606012
0.00250000	0.00600000	0.329644316634
0.00250000	0.00700000	0.338191246778
0.00250000	0.00800000	0.347144036086
0.00250000	0.00900000	0.356502325061
0.00250000	0.01000000	0.366265755064
0.00300000	-0.01000000	0.429127668391
0.00300000	-0.00900000	0.432903425889
0.00300000	-0.00800000	0.437090269103
0.00300000	-0.00700000	0.441687825371
0.00300000	-0.00600000	0.446695722936
0.00300000	-0.00500000	0.452113590942
0.00300000	-0.00400000	0.457941059431
0.00300000	-0.00300000	0.464177759340
0.00300000	-0.00200000	0.470823322499
0.00300000	-0.00100000	0.477877381627
0.00300000	0.00000000	0.485339570329
0.00300000	0.00100000	0.493209523093
0.00300000	0.00200000	0.501486875288
0.00300000	0.00300000	0.510171263160
0.00300000	0.00400000	0.519262323829
0.00300000	0.00500000	0.528759695287
0.00300000	0.00600000	0.538663016395
0.00300000	0.00700000	0.548971926879
0.00300000	0.00800000	0.559686067327
0.00300000	0.00900000	0.570805079189
0.00300000	0.01000000	0.582328604770
0.00350000	-0.01000000	0.690222569006
0.00350000	-0.00900000	0.695958534253
0.00350000	-0.00800000	0.702104928573
0.00350000	-0.00700000	0.708661380297
0.00350000	-0.00600000	0.715627518656
0.00350000	-0.00500000	0.723002973784
0.00350000	-0.00400000	0.730787376708
0.00350000	-0.00300000	0.738980359347
0.00350000	-0.00200000	0.747581554512
0.00350000	-0.00100000	0.756590595899
0.00350000	0.00000000	0.766007118089
0.00350000	0.00100000	0.775830756544
0.00350000	0.00200000	0.786061147601
0.00350000	0.00300000	0.796697928475
0.00350000	0.00400000	0.807740737252
0.00350000	0.00500000	0.819189212887
0.00350000	0.00600000	0.831042995202
0.00350000	0.00700000	0.843301724879
0.00350000	0.00800000	0.855965043464
0.00350000	0.00900000	0.869032593360
0.00350000	0.01000000	0.882504017822
0.00400000	-0.01000000	1.049777304613
0.00400000	-0.00900000	1.057657377952
0.00400000	-0.00800000	1.065947213423
0.00400000	-0.00700000	1.074646440358
0.00400000	-0.00600000	1.083754688987
0.00400000	-0.00500000	1.093271590437
0.00400000	-0.00400000	1.103196776731
0.00400000	-0.00300000	1.113529880777
0.00400000	-0.00200000	1.124270536376
0.00400000	-0.00100000	1.135418378207
0.00400000	0.00000000	1.146973041837
0.00400000	0.00100000	1.158934163705
0.00400000	0.00200000	1.171301381129
0.00400000	0.00300000	1.184074332300
0.00400000	0.00400000	1.197252656275
0.00400000	0.00500000	1.210835992982
0.00400000	0.00600000	1.224823983208
0.00400000	0.00700000	1.239216268605
0.00400000	0.00800000	1.254012491680
0.00400000	0.00900000	1.269212295796
0.00400000	0.01000000	1.284815325170
0.00450000	-0.01000000	1.527017562191
0.00450000	-0.00900000	1.537221269290
0.00450000	-0.00800000	1.547834064519
0.00450000	-0.00700000	1.558855578215
0.00450000	-0.00600000	1.570285441609
0.00450000	-0.00500000	1.582123286826
0.00450000	-0.00400000	1.594368746884
0.00450000	-0.00300000	1.607021455686
0.00450000	-0.00200000	1.620081048021
0.00450000	-0.00100000	1.633547159560
0.00450000	0.00000000	1.647419426852
0.00450000	0.00100000	1.661697487322
0.00450000	0.00200000	1.676380979268
0.00450000	0.00300000	1.691469541859
0.00450000	0.00400000	1.706962815128
0.00450000	0.00500000	1.722860439975
0.00450000	0.00600000	1.739162058161
0.00450000	0.00700000	1.755867312304
0.00450000	0.00800000	1.772975845878
0.00450000	0.00900000	1.790487303210
0.00450000	0.01000000	1.808401329477
0.00500000	-0.01000000	2.142114753328
0.00500000	-0.00900000	2.154818753898
0.00500000	-0.00800000	2.167931163077
0.00500000	-0.00700000	2.181451612205
0.00500000	-0.00600000	2.195379733515
0.00500000	-0.00500000	2.209715160131
0.00500000	-0.00400000	2.224457526067
0.00500000	-0.00300000	2.239606466219
0.00500000	-0.00200000	2.255161616369
0.00500000	-0.00100000	2.271122613176
0.00500000	0.00000000	2.287489094174
0.00500000	0.00100000	2.304260697773
0.00500000	0.00200000	2.321437063252
0.00500000	0.00300000	2.339017830758
0.00500000	0.00400000	2.357002641302
0.00500000	0.00500000	2.375391136756
0.00500000	0.00600000	2.394182959854
0.00500000	0.00700000	2.413377754182
0.00500000	0.00800000	2.432975164180
0.00500000	0.00900000	2.452974835142
0.00500000	0.01000000	2.473376413203
0.00550000	-0.01000000	2.915654850427
0.00550000	-0.00900000	2.931031428903
0.00550000	-0.00800000	2.946815732685
0.00550000	-0.00700000	2.963007394119
0.00550000	-0.00600000	2.979606046441
0.00550000	-0.00500000	2.996611323775
0.00550000	-0.00400000	3.014022861131
0.00550000	-0.00300000	3.031840294403
0.00550000	-0.00200000	3.050063260362
0.00550000	-0.00100000	3.068691396658
0.00550000	0.00000000	3.087724341815
0.00550000	0.00100000	3.107161735225
0.00550000	0.00200000	3.127003217151
0.00550000	0.00300000	3.147248428719
0.00550000	0.00400000	3.167897011918
0.00550000	0.00500000	3.188948609595
0.00550000	0.00600000	3.210402865457
0.00550000	0.00700000	3.232259424059
0.00550000	0.00800000	3.254517930812
0.00550000	0.00900000	3.277178031970
0.00550000	0.01000000	3.300239374636
0.00600000	-0.01000000	3.868872772329
0.00600000	-0.00900000	3.887089260817
0.00600000	-0.00800000	3.905712792177
0.00600000	-0.00700000	3.924742999751
0.00600000	-0.00600000	3.944179517768
0.00600000	-0.00500000	3.964021981343
0.00600000	-0.00400000	3.984270026475
0.00600000	-0.00300000	4.004923290044
0.00600000	-0.00200000	4.025981409804
0.00600000	-0.00100000	4.047444024388
0.00600000	0.00000000	4.069310773295
0.00600000	0.00100000	4.091581296897
0.00600000	0.00200000	4.114255236428
0.00600000	0.00300000	4.137332233987
0.00600000	0.00400000	4.160811932531
0.00600000	0.00500000	4.184693975874
0.00600000	0.00600000	4.208978008685
0.00600000	0.00700000	4.233663676484
0.00600000	0.00800000	4.258750625637
0.00600000	0.00900000	4.284238503358
0.00600000	0.01000000	4.310126957703
0.00650000	-0.01000000	5.023104244856
0.00650000	-0.00900000	5.044324601281
0.00650000	-0.00800000	5.065951319810
0.00650000	-0.00700000	5.087984034774
0.00650000	-0.00600000	5.110422381389
0.00650000	-0.00500000	5.133265995754
0.00650000	-0.00400000	5.156514514849
0.00650000	-0.00300000	5.180167576533
0.00650000	-0.00200000	5.204224819539
0.00650000	-0.00100000	5.228685883470
0.00650000	0.00000000	5.253550408800
0.00650000	0.00100000	5.278818036868
0.00650000	0.00200000	5.304488409876
0.00650000	0.00300000	5.330561170887
0.00650000	0.00400000	5.357035963820
0.00650000	0.00500000	5.383912433449
0.00650000	0.00600000	5.411190225399
0.00650000	0.00700000	5.438868986144
0.00650000	0.00800000	5.466948363005
0.00650000	0.00900000	5.495428004144
0.00650000	0.01000000	5.524307558565
0.00700000	-0.01000000	6.399857951971
0.00700000	-0.00900000	6.424243992378
0.00700000	-0.00800000	6.449035716246
0.00700000	-0.00700000	6.474232758888
0.00700000	-0.00600000	6.499834756500
0.00700000	-0.00500000	6.525841346159
0.00700000	-0.00400000	6.552252165820
0.00700000	-0.00300000	6.579066854315
0.00700000	-0.00200000	6.606285051345
0.00700000	-0.00100000	6.633906397483
0.00700000	0.00000000	6.661930534167
0.00700000	0.00100000	6.690357103699
0.00700000	0.00200000	6.719185749242
0.00700000	0.00300000	6.748416114816
0.00700000	0.00400000	6.778047845296
0.00700000	0.00500000	6.808080586409
0.00700000	0.00600000	6.838513984732
0.00700000	0.00700000	6.869347687686
0.00700000	0.00800000	6.900581343538
0.00700000	0.00900000	6.932214601394
0.00700000	0.01000000	6.964247111200
0.00750000	-0.01000000	8.021462172226
0.00750000	-0.00900000	8.049170481516
0.00750000	-0.00800000	8.077283801891
0.00750000	-0.00700000	8.105801769633
0.00750000	-0.00600000	8.134724021903
0.00750000	-0.00500000	8.164050196741
0.00750000	-0.00400000	8.193779933066
0.00750000	-0.00300000	8.223912870664
0.00750000	-0.00200000	8.254448650197
0.00750000	-0.00100000	8.285386913188
0.00750000	0.00000000	8.316727302029
0.00750000	0.00100000	8.348469459970
0.00750000	0.00200000	8.380613031120
0.00750000	0.00300000	8.413157660444
0.00750000	0.00400000	8.446102993758
0.00750000	0.00500000	8.479448677729
0.00750000	0.00600000	8.513194359871
0.00750000	0.00700000	8.547339688540
0.00750000	0.00800000	8.581884312935
0.00750000	0.00900000	8.616827883093
0.00750000	0.01000000	8.652170049885
0.00800000	-0.01000000	9.908923812114
0.00800000	-0.00900000	9.940108338767
0.00800000	-0.00800000	9.971697210746
0.00800000	-0.00700000	10.003690065289
0.00800000	-0.00600000	10.036086540510
0.00800000	-0.00500000	10.068886275403
0.00800000	-0.00400000	10.102088909833
0.00800000	-0.00300000	10.135694084536
0.00800000	-0.00200000	10.169701441114
0.00800000	-0.00100000	10.204110622036
0.00800000	0.00000000	10.238921270631
0.00800000	0.00100000	10.274133031086
0.00800000	0.00200000	10.309745548447
0.00800000	0.00300000	10.345758468609
0.00800000	0.00400000	10.382171438319
0.00800000	0.00500000	10.418984105172
0.00800000	0.00600000	10.456196117606
0.00800000	0.00700000	10.493807124902
0.00800000	0.00800000	10.531816777178
0.00800000	0.00900000	10.570224725390
0.00800000	0.01000000	10.609030621327
0.00850000	-0.01000000	12.083637747333
0.00850000	-0.00900000	12.118450462155
0.00850000	-0.00800000	12.153666863588
0.00850000	-0.00700000	12.189286589815
0.00850000	-0.00600000	12.225309279892
0.00850000	-0.00500000	12.261734573752
0.00850000	-0.00400000	12.298562112197
0.00850000	-0.00300000	12.335791536896
0.00850000	-0.00200000	12.373422490387
0.00850000	-0.00100000	12.411454616066
0.00850000	0.00000000	12.449887558189
0.00850000	0.00100000	12.488720961872
0.00850000	0.00200000	12.527954473079
0.00850000	0.00300000	12.567587738629
0.00850000	0.00400000	12.607620406186
0.00850000	0.00500000	12.648052124261
0.00850000	0.00600000	12.688882542206
0.00850000	0.00700000	12.730111310212
0.00850000	0.00800000	12.771738079308
0.00850000	0.00900000	12.813762501356
0.00850000	0.01000000	12.856184229048
0.00900000	-0.01000000	14.566867320835
0.00900000	-0.00900000	14.605455563295
0.00900000	-0.00800000	14.644446844472
0.00900000	-0.00700000	14.683840803472
0.00900000	-0.00600000	14.723637080277
0.00900000	-0.00500000	14.763835315738
0.00900000	-0.00400000	14.804435151576
0.00900000	-0.00300000	14.845436230378
0.00900000	-0.00200000	14.886838195593
0.00900000	-0.00100000	14.928640691530
0.00900000	0.00000000	14.970843363355
0.00900000	0.00100000	15.013445857088
0.00900000	0.00200000	15.056447819600
0.00900000	0.00300000	15.099848898611
0.00900000	0.00400000	15.143648742685
0.00900000	0.00500000	15.187847001230
0.00900000	0.00600000	15.232443324495
0.00900000	0.00700000	15.277437363563
0.00900000	0.00800000	15.322828770354
0.00900000	0.00900000	15.368617197618
0.00900000	0.01000000	15.414802298934
0.00950000	-0.01000000	17.379248069854
0.00950000	-0.00900000	17.421757710336
0.00950000	-0.00800000	17.464669752204
0.00950000	-0.00700000	17.507983835474
0.00950000	-0.00600000	17.551699601033
0.00950000	-0.00500000	17.595816690638
0.00950000	-0.00400000	17.640334746909
0.00950000	-0.00300000	17.685253413335
0.00950000	-0.00200000	17.730572334259
0.00950000	-0.00100000	17.776291154887
0.00950000	0.00000000	17.822409521277
0.00950000	0.00100000	17.868927080338
0.00950000	0.00200000	17.915843479831
0.00950000	0.00300000	17.963158368359
0.00950000	0.00400000	18.010871395372
0.00950000	0.00500000	18.058982211159
0.00950000	0.00600000	18.107490466846
0.00950000	0.00700000	18.156395814395
0.00950000	0.00800000	18.205697906600
0.00950000	0.00900000	18.255396397083
0.00950000	0.01000000	18.305490940293
0.01000000	-0.01000000	20.540299636126
0.01000000	-0.00900000	20.586874372948
0.01000000	-0.00800000	20.633850884532
0.01000000	-0.00700000	20.681228811786
0.01000000	-0.00600000	20.729007796488
0.01000000	-0.00500000	20.777187481283
0.01000000	-0.00400000	20.825767509679
0.01000000	-0.00300000	20.874747526046
0.01000000	-0.00200000	20.924127175612
0.01000000	-0.00100000	20.973906104460
0.01000000	0.00000000	21.024083959525
0.01000000	0.00100000	21.074660388594
0.01000000	0.00200000	21.125635040297
0.01000000	0.00300000	21.177007564111
0.01000000	0.00400000	21.228777610352
0.01000000	0.00500000	21.280944830176
0.01000000	0.00600000	21.333508875572
0.01000000	0.00700000	21.386469399365
0.01000000	0.00800000	21.439826055208
0.01000000	0.00900000	21.493578497580
0.01000000	0.01000000	21.547726381787
