-0.020	-0.500	110.616913523908
-0.020	-0.450	102.816846060095
-0.020	-0.400	97.021877359703
-0.020	-0.350	93.041606434758
-0.020	-0.300	90.719826190796
-0.020	-0.250	89.926533747972
-0.020	-0.200	90.552191104941
-0.020	-0.150	92.503506183903
-0.020	-0.100	95.700268939069
-0.020	-0.050	100.072936846438
-0.020	0.000	105.560763627656
-0.020	0.050	112.110328942543
-0.020	0.100	119.674368842635
-0.020	0.150	128.210835101628
-0.020	0.200	137.682131003275
-0.020	0.250	148.054484790071
-0.020	0.300	159.297431668985
-0.020	0.350	171.383382271563
-0.020	0.400	184.287260592442
-0.020	0.450	197.986198231952
-0.020	0.500	212.459274620519
-0.018	-0.500	88.874740695422
-0.018	-0.450	79.880723766297
-0.018	-0.400	72.886824280201
-0.018	-0.350	67.703428385134
-0.018	-0.300	64.174980720319
-0.018	-0.250	62.172022747998
-0.018	-0.200	61.585474606877
-0.018	-0.150	62.322432430111
-0.018	-0.100	64.303017117158
-0.018	-0.050	67.457969794473
-0.018	0.000	71.726788473593
-0.018	0.050	77.056264117813
-0.018	0.100	83.399316261287
-0.018	0.150	90.714056559064
-0.018	0.200	98.963028047155
-0.018	0.250	108.112581467711
-0.018	0.300	118.132359672680
-0.018	0.350	128.994868094533
-0.018	0.400	140.675114379739
-0.018	0.450	153.150304067457
-0.018	0.500	166.399582036404
-0.016	-0.500	73.911535802580
-0.016	-0.450	63.851662468847
-0.016	-0.400	55.786144436548
-0.016	-0.350	49.526284751016
-0.016	-0.300	44.917282054197
-0.016	-0.250	41.830304052597
-0.016	-0.200	40.156795524051
-0.016	-0.150	39.804295453284
-0.016	-0.100	40.693301053173
-0.016	-0.050	42.754875118725
-0.016	0.000	45.928792072196
-0.016	0.050	50.162081518114
-0.016	0.100	55.407869893751
-0.016	0.150	61.624448919567
-0.016	0.200	68.774518872564
-0.016	0.250	76.824568222242
-0.016	0.300	85.744360783877
-0.016	0.350	95.506508486988
-0.016	0.400	106.086112939970
-0.016	0.450	117.460462740519
-0.016	0.500	129.608776308088
-0.014	-0.500	64.750398663126
-0.014	-0.450	53.756146985636
-0.014	-0.400	44.749621785872
-0.014	-0.350	37.543186287107
-0.014	-0.300	31.982905116403
-0.014	-0.250	27.940661265333
-0.014	-0.200	25.308496007556
-0.014	-0.150	23.994449921463
-0.014	-0.100	23.919445101765
-0.014	-0.050	25.014906573742
-0.014	0.000	27.220919349721
-0.014	0.050	30.484780708747
-0.014	0.100	34.759848832367
-0.014	0.150	40.004616900669
-0.014	0.200	46.181960967598
-0.014	0.250	53.258523377498
-0.014	0.300	61.204203046440
-0.014	0.350	69.991730835881
-0.014	0.400	79.596313300234
-0.014	0.450	89.995331836700
-0.014	0.500	101.168087075777
-0.012	-0.500	60.283549195784
-0.012	-0.450	48.490913743522
-0.012	-0.400	38.678435229547
-0.012	-0.350	30.659686913586
-0.012	-0.300	24.281716099210
-0.012	-0.250	19.417213575828
-0.012	-0.200	15.958891608915
-0.012	-0.150	13.815353183102
-0.012	-0.100	12.907995520049
-0.012	-0.050	13.168647837749
-0.012	0.000	14.537741122987
-0.012	0.050	16.962870427270
-0.012	0.100	20.397651480289
-0.012	0.150	24.800801203683
-0.012	0.200	30.135390795973
-0.012	0.250	36.368233412931
-0.012	0.300	43.469377964959
-0.012	0.350	51.411687410217
-0.012	0.400	60.170484941771
-0.012	0.450	69.723255187986
-0.012	0.500	80.049390336040
-0.010	-0.500	59.281842630911
-0.010	-0.450	46.833327127270
-0.010	-0.400	36.356329411875
-0.010	-0.350	27.665791935335
-0.010	-0.300	20.609868522041
-0.010	-0.250	15.062155976398
-0.010	-0.200	10.916116749811
-0.010	-0.150	8.080981026496
-0.010	-0.100	6.478674856746
-0.010	-0.050	6.041476677894
-0.010	0.000	6.710201599102
-0.010	0.050	8.432775070120
-0.010	0.100	11.163098511626
-0.010	0.150	14.860137053126
-0.010	0.200	19.487178460693
-0.010	0.250	25.011225583702
-0.010	0.300	31.402494071066
-0.010	0.350	38.633993909664
-0.010	0.400	46.681178316840
-0.010	0.450	55.521647209862
-0.010	0.500	65.134895243376
-0.008	-0.500	60.431935836790
-0.008	-0.450	47.478469125422
-0.008	-0.400	36.486635745935
-0.008	-0.350	27.272915120073
-0.008	-0.300	19.686698755923
-0.008	-0.250	13.602594074259
-0.008	-0.200	8.914898597905
-0.008	-0.150	5.533539663629
-0.008	-0.100	3.381030590380
-0.008	-0.050	2.390148456422
-0.008	0.000	2.502134749162
-0.008	0.050	3.665281805197
-0.008	0.100	5.833808528593
-0.008	0.150	8.966956184172
-0.008	0.200	13.028253821020
-0.008	0.250	17.984916004206
-0.008	0.300	23.807344866013
-0.008	0.350	30.468715226703
-0.008	0.400	37.944626467740
-0.008	0.450	46.212808497127
-0.008	0.500	55.252871889032
-0.006	-0.500	62.410634446382
-0.006	-0.450	49.113456760530
-0.006	-0.400	37.766510638546
-0.006	-0.350	28.187997212027
-0.006	-0.300	20.228691284665
-0.006	-0.250	13.764328060125
-0.006	-0.200	8.690136123920
-0.006	-0.150	4.916819862797
-0.006	-0.100	2.367547303157
-0.006	-0.050	0.975651799139
-0.006	0.000	0.682851022241
-0.006	0.050	1.437847665993
-0.006	0.100	3.195216398492
-0.006	0.150	5.914508602982
-0.006	0.200	9.559524999761
-0.006	0.250	14.097719222719
-0.006	0.300	19.499704656295
-0.006	0.350	25.738843505019
-0.006	0.400	32.790901948020
-0.006	0.450	40.633758848842
-0.006	0.500	49.247158204452
-0.004	-0.500	64.013606922925
-0.004	-0.450	50.544361998746
-0.004	-0.400	39.012170891158
-0.004	-0.350	29.237148021148
-0.004	-0.300	21.071604808727
-0.004	-0.250	14.392529493113
-0.004	-0.200	9.096185882323
-0.004	-0.150	5.094143384014
-0.004	-0.100	2.310300044081
-0.004	-0.050	0.678610740245
-0.004	0.000	0.141326454327
-0.004	0.050	0.647610721030
-0.004	0.100	2.152438958467
-0.004	0.150	4.615713052513
-0.004	0.200	8.001541888629
-0.004	0.250	12.277651344482
-0.004	0.300	17.414896376149
-0.004	0.350	23.386854416224
-0.004	0.400	30.169484123621
-0.004	0.450	37.740837099666
-0.004	0.500	46.080812866470
-0.002	-0.500	64.331198864181
-0.002	-0.450	50.869950352373
-0.002	-0.400	39.330543384502
-0.002	-0.350	29.535210500690
-0.002	-0.300	21.337965432829
-0.002	-0.250	14.617186227219
-0.002	-0.200	9.270286783814
-0.002	-0.150	5.209799460013
-0.002	-0.100	2.360436899364
-0.002	-0.050	0.656849383435
-0.002	0.000	0.041886384254
-0.002	0.050	0.465230286871
-0.002	0.100	1.882309287347
-0.002	0.150	4.253422758666
-0.002	0.200	7.543030441234
-0.002	0.250	11.719169456341
-0.002	0.300	16.752972135299
-0.002	0.350	22.618264153033
-0.002	0.400	29.291227211663
-0.002	0.450	36.750114046732
-0.002	0.500	44.975006174896
0.000	-0.500	62.956388464042
0.000	-0.450	49.685585344267
0.000	-0.400	38.319365450949
0.000	-0.350	28.682272577927
0.000	-0.300	20.630180494272
0.000	-0.250	14.042988435011
0.000	-0.200	8.819371688938
0.000	-0.150	4.872921216445
0.000	-0.100	2.129247496261
0.000	-0.050	0.523769432315
0.000	0.000	0.000000000000
0.000	0.050	0.508198638609
0.000	0.100	2.004298808064
0.000	0.150	4.449045001395
0.000	0.200	7.807291288309
0.000	0.250	12.047425913413
0.000	0.300	17.140895331105
0.000	0.350	23.061807458239
0.000	0.400	29.786598612209
0.000	0.450	37.293752077780
0.000	0.500	45.563558853839
0.002	-0.500	60.131098898830
0.002	-0.450	47.226721186717
0.002	-0.400	36.208000499476
0.002	-0.350	26.901935911457
0.002	-0.300	19.166379958020
0.002	-0.250	12.882852854282
0.002	-0.200	7.951376545071
0.002	-0.150	4.286674482335
0.002	-0.100	1.815319785319
0.002	-0.050	0.473557413119
0.002	0.000	0.205615204049
0.002	0.050	0.962375941702
0.002	0.100	2.700320357936
0.002	0.150	5.380676418495
0.002	0.200	8.968727724578
0.002	0.250	13.433246107502
0.002	0.300	18.746022208597
0.002	0.350	24.881474133266
0.002	0.400	31.816318880663
0.002	0.450	39.529294671852
0.002	0.500	48.000924866918
0.004	-0.500	56.726319772399
0.004	-0.450	44.350290819687
0.004	-0.400	33.839999366173
0.004	-0.350	25.024972925110
0.004	-0.300	17.765103159424
0.004	-0.250	11.943582188229
0.004	-0.200	7.461822390519
0.004	-0.150	4.235717947704
0.004	-0.100	2.192838469680
0.004	-0.050	1.270285278783
0.004	0.000	1.413028475481
0.004	0.050	2.572599161056
0.004	0.100	4.706048261545
0.004	0.150	7.775108381812
0.004	0.200	11.745512301208
0.004	0.250	16.586433755981
0.004	0.300	22.270024721100
0.004	0.350	28.771029595912
0.004	0.400	36.066461234560
0.004	0.450	44.135327127890
0.004	0.500	52.958396569836
0.006	-0.500	54.060288908928
0.006	-0.450	42.356554440678
0.006	-0.400	32.498419719426
0.006	-0.350	24.317940188708
0.006	-0.300	17.677045425339
0.006	-0.250	12.460598125871
0.006	-0.200	8.571399973131
0.006	-0.150	5.926515092629
0.006	-0.100	4.454509202775
0.006	-0.050	4.093340018155
0.006	0.000	4.788720322503
0.006	0.050	6.492830315505
0.006	0.100	9.163292219656
0.006	0.150	12.762344663596
0.006	0.200	17.256171234023
0.006	0.250	22.614349410615
0.006	0.300	28.809394517714
0.006	0.350	35.816379412811
0.006	0.400	43.612615092200
0.006	0.450	52.177380704144
0.006	0.500	61.491693944865
0.008	-0.500	53.655032090394
0.008	-0.450	42.749468229631
0.008	-0.400	33.669914651291
0.008	-0.350	26.250875963379
0.008	-0.300	20.356254294136
0.008	-0.250	15.872528046224
0.008	-0.200	12.703841693784
0.008	-0.150	10.768389552011
0.008	-0.100	9.995699225247
0.008	-0.050	10.324555174150
0.008	0.000	11.701387040768
0.008	0.050	14.079001515171
0.008	0.100	17.415572236364
0.008	0.150	21.673826305606
0.008	0.200	26.820382565659
0.008	0.250	32.825208415143
0.008	0.300	39.661170201744
0.008	0.350	47.303658221398
0.008	0.400	55.730271736517
0.008	0.450	64.920552681972
0.008	0.500	74.855759172218
0.010	-0.500	57.028059478587
0.010	-0.450	47.032118445655
0.010	-0.400	38.843673473399
0.010	-0.350	32.299550821370
0.010	-0.300	27.265519237121
0.010	-0.250	23.629583667609
0.010	-0.200	21.297155494501
0.010	-0.150	20.187494018939
0.010	-0.100	20.231032234643
0.010	-0.050	21.367332034311
0.010	0.000	23.543496590499
0.010	0.050	26.712920790882
0.010	0.100	30.834295667983
0.010	0.150	35.870806420373
0.010	0.200	41.789479908749
0.010	0.250	48.560648927182
0.010	0.300	56.157508685451
0.010	0.350	64.555746822885
0.010	0.400	73.733232588871
0.010	0.450	83.669754028759
0.010	0.500	94.346794420014
0.012	-0.500	65.574741445953
0.012	-0.450	56.589332276827
0.012	-0.400	49.394362491487
0.012	-0.350	43.828810396177
0.012	-0.300	39.760171778383
0.012	-0.250	37.077861509357
0.012	-0.200	35.688459186431
0.012	-0.150	35.512204654941
0.012	-0.100	36.480363356675
0.012	-0.050	38.533211079859
0.012	0.000	41.618468771721
0.012	0.050	45.690070265068
0.012	0.100	50.707180219137
0.012	0.150	56.633402828417
0.012	0.200	63.436137867504
0.012	0.250	71.086051870058
0.012	0.300	79.556640244908
0.012	0.350	88.823861924083
0.012	0.400	98.865832385404
0.012	0.450	109.662564047072
0.012	0.500	121.195745401703
0.014	-0.500	80.512205805693
0.014	-0.450	72.632035932698
0.014	-0.400	66.526881117010
0.014	-0.350	62.037683048198
0.014	-0.300	59.033509910096
0.014	-0.250	57.405057725292
0.014	-0.200	57.059965631869
0.014	-0.150	57.919361244531
0.014	-0.100	59.915262455957
0.014	-0.050	62.988589362254
0.014	0.000	67.087619680305
0.014	0.050	72.166772335019
0.014	0.100	78.185637775977
0.014	0.150	85.108196462125
0.014	0.200	92.902182715340
0.014	0.250	101.538562200571
0.014	0.300	110.991099174248
0.014	0.350	121.235995348547
0.014	0.400	132.251586405179
0.014	0.450	144.018085302044
0.014	0.500	156.517363852868
0.016	-0.500	102.871064980314
0.016	-0.450	96.187743367838
0.016	-0.400	91.265702445758
0.016	-0.350	87.947650805535
0.016	-0.300	86.104068563971
0.016	-0.250	85.626799709380
0.016	-0.200	86.424430842937
0.016	-0.150	88.418881908224
0.016	-0.100	91.542841132190
0.016	-0.050	95.737801622020
0.016	0.000	100.952535462119
0.016	0.050	107.141891659348
0.016	0.100	114.265837646622
0.016	0.150	122.288686591522
0.016	0.200	131.178468287983
0.016	0.250	140.906412307665
0.016	0.300	151.446519861069
0.016	0.350	162.775206445958
0.016	0.400	174.871001490313
0.016	0.450	187.714294265641
0.016	0.500	201.287117652894
0.018	-0.500	133.505314994935
0.018	-0.450	128.109434905326
0.018	-0.400	124.462787812458
0.018	-0.350	122.409649713164
0.018	-0.300	121.821750388126
0.018	-0.250	122.591947614360
0.018	-0.200	124.629662937906
0.018	-0.150	127.857513122988
0.018	-0.100	132.208774797472
0.018	-0.050	137.625443133000
0.018	0.000	144.056722637924
0.018	0.050	151.457837916877
0.018	0.100	159.789085143742
0.018	0.150	169.015067222032
0.018	0.200	179.104070929974
0.018	0.250	190.027555103347
0.018	0.300	201.759726582975
0.018	0.350	214.277186210683
0.018	0.400	227.558631236467
0.018	0.450	241.584603531274
0.018	0.500	256.337275278934
0.020	-0.500	173.112057645071
0.020	-0.450	169.094877412669
0.020	-0.400	166.816503234055
0.020	-0.350	166.122582671377
0.020	-0.300	166.885936598946
0.020	-0.250	169.000306011088
0.020	-0.200	172.375838322171
0.020	-0.150	176.935754853228
0.020	-0.100	182.613841735102
0.020	-0.050	189.352528084372
0.020	0.000	197.101391516057
0.020	0.050	205.815980184974
0.020	0.100	215.456873023197
0.020	0.150	225.988921793218
0.020	0.200	237.380633714632
0.020	0.250	249.603664050993
0.020	0.300	262.632395628883
0.020	0.350	276.443587755452
0.020	0.400	291.016081034645
0.020	0.450	306.330547581161
0.020	0.500	322.369278386266
