0.0          0.05         540.0119099748
0.0          0.095        250.2690259789
0.0          0.14         122.5123737393
0.0          0.185        58.6816204568
0.0          0.23         26.4275639407
0.0          0.275        11.121036291
0.0          0.32         5.0079701728
0.0          0.365        3.5894064722
0.0          0.41         4.1481868097
0.0          0.455        5.0588112959
0.0          0.5          5.4540120899
0.0          0.545        5.0588112959
0.0          0.59         4.1481868097
0.0          0.635        3.5894064722
0.0          0.68         5.0079701728
0.0          0.725        11.121036291
0.0          0.77         26.4275639407
0.0          0.815        58.6816204568
0.0          0.86         122.5123737393
0.0          0.905        250.2690259789
0.0          0.95         540.0119099748
0.025        0.05         567.1376729572
0.025        0.095        273.1020875372
0.025        0.14         140.6828517694
0.025        0.185        72.4389272367
0.025        0.23         36.2046855558
0.025        0.275        17.4438362957
0.025        0.32         8.4455150971
0.025        0.365        4.7440620898
0.025        0.41         3.6464431684
0.025        0.455        3.5487941763
0.025        0.5          3.6002710475
0.025        0.545        3.5445011761
0.025        0.59         3.676587419 
0.025        0.635        4.888071799 
0.025        0.68         8.8336349117
0.025        0.725        18.2691271785
0.025        0.77         37.7524392609
0.025        0.815        75.1344501371
0.025        0.86         145.229581381
0.025        0.905        280.807243315
0.025        0.95         581.4386415374
0.05         0.05         597.387971383
0.05         0.095        298.2469592108
0.05         0.14         160.8840075479
0.05         0.185        88.1488720924
0.05         0.23         47.96190257 
0.05         0.275        25.8236345249
0.05         0.32         14.0433774028
0.05         0.365        8.1703607522
0.05         0.41         5.5197846027
0.05         0.455        4.4973835261
0.05         0.5          4.2607091896
0.05         0.545        4.558440163 
0.05         0.59         5.6973464977
0.05         0.635        8.5755506719
0.05         0.68         14.8598826777
0.05         0.725        27.3262976352
0.05         0.77         50.554073218
0.05         0.815        92.4411607029
0.05         0.86         167.8794251372
0.05         0.905        309.8318696909
0.05         0.95         618.5340556173
0.075        0.05         629.1083674505
0.075        0.095        324.9328763877
0.075        0.14         182.7554502043
0.075        0.185        105.6665547862
0.075        0.23         61.6630272695
0.075        0.275        36.2716073796
0.075        0.32         21.8210125397
0.075        0.365        13.867630562
0.075        0.41         9.7379307939
0.075        0.455        7.8421014092
0.075        0.5          7.343434746 
0.075        0.545        7.9985744237
0.075        0.59         10.119495958
0.075        0.635        14.6094685464
0.075        0.68         23.1502979269
0.075        0.725        38.5283297836
0.075        0.77         65.3393669366
0.075        0.815        111.5229650552
0.075        0.86         192.0261882947
0.075        0.905        339.982186373
0.075        0.95         656.1799810753
0.1          0.05         662.2089736189
0.1          0.095        353.1321291723
0.1          0.14         206.3006105134
0.1          0.185        125.013875928
0.1          0.23         77.3360456877
0.1          0.275        48.8159119346
0.1          0.32         31.801272608
0.1          0.365        21.8598021137
0.1          0.41         16.3164493335
0.1          0.455        13.5964991008
0.1          0.5          12.8600778056
0.1          0.545        13.8739465968
0.1          0.59         16.9516139145
0.1          0.635        23.009392217
0.1          0.68         33.7307910023
0.1          0.725        51.9123068379
0.1          0.77         82.1792805186
0.1          0.815        132.4855638118
0.1          0.86         217.8505094596
0.1          0.905        371.5347447524
0.1          0.95         694.847759031
0.125        0.05         696.6686712386
0.125        0.095        382.872279761
0.125        0.14         231.5522332568
0.125        0.185        146.2302647767
0.125        0.23         95.0163282086
0.125        0.275        63.4965373725
0.125        0.32         44.0231344463
0.125        0.365        32.1747147331
0.125        0.41         25.2884131126
0.125        0.455        21.7832867783
0.125        0.5          20.8333362582
0.125        0.545        22.2076642656
0.125        0.59         26.2190241934
0.125        0.635        33.7964727971
0.125        0.68         46.6271664174
0.125        0.725        67.5204070195
0.125        0.77         101.1123022504
0.125        0.815        155.3974469624
0.125        0.86         245.4367734203
0.125        0.905        404.6346526447
0.125        0.95         734.7844692569
0.15         0.05         732.5145503991
0.15         0.095        414.1868847277
0.15         0.14         258.5610692659
0.15         0.185        169.3530737581
0.15         0.23         114.7519228925
0.15         0.275        80.3541191133
0.15         0.32         58.5256804024
0.15         0.365        44.8564255138
0.15         0.41         36.6875525607
0.15         0.455        32.4427074688
0.15         0.5          31.2994790027
0.15         0.545        33.031281759
0.15         0.59         37.9583433924
0.15         0.635        47.0090056531
0.15         0.68         61.8821395823
0.15         0.725        85.3970882251
0.15         0.77         122.2055969775
0.15         0.815        180.3205106507
0.15         0.86         274.871101574
0.15         0.905        439.3805638439
0.15         0.95         776.1232438423
0.175        0.05         769.7969754164
0.175        0.095        447.1223831747
0.175        0.14         287.3663325536
0.175        0.185        194.4445327279
0.175        0.23         136.5927615869
0.175        0.275        99.4376623884
0.175        0.32         75.3581659344
0.175        0.365        59.94997766 
0.175        0.41         50.5589105234
0.175        0.455        45.6169661352
0.175        0.5          44.3015704148
0.175        0.545        46.3905740603
0.175        0.59         52.2102345283
0.175        0.635        62.6913883243
0.175        0.68         79.5436055354
0.175        0.725        105.5903539782
0.175        0.77         145.5031802218
0.175        0.815        207.3230238058
0.175        0.86         306.2226369283
0.175        0.905        475.8700637835
0.175        0.95         819.0093350993
0.2          0.05         808.547636847
0.2          0.095        481.7410502351
0.2          0.14         318.0396621278
0.2          0.185        221.5579488012
0.2          0.23         160.5958673657
0.2          0.275        120.8045647015
0.2          0.32         94.5763097693
0.2          0.365        77.5080837272
0.2          0.41         66.9572464914
0.2          0.455        61.3568159618
0.2          0.5          59.8911136392
0.2          0.545        62.3364758608
0.2          0.59         69.026926328
0.2          0.635        80.8979636023
0.2          0.68         99.6665975505
0.2          0.725        128.1635515097
0.2          0.77         171.0746142427
0.2          0.815        236.4738244756
0.2          0.86         339.5774653201
0.2          0.905        514.1886751461
0.2          0.95         863.5482845945
0.225        0.05         848.839762315
0.225        0.095        518.1135215064
0.225        0.14         350.6406558788
0.225        0.185        250.7607061809
0.225        0.23         186.8278697551
0.225        0.275        144.5209480207
0.225        0.32         116.2381343654
0.225        0.365        97.592369395
0.225        0.41         85.9415033794
0.225        0.455        79.7238737086
0.225        0.5          78.1249228055
0.225        0.545        80.9286887268
0.225        0.59         88.4721854645
0.225        0.635        101.6940765869
0.225        0.68         122.3146027469
0.225        0.725        153.1818921105
0.225        0.77         198.9924435314
0.225        0.815        267.8454327156
0.225        0.86         375.0189074821
0.225        0.905        554.4392686388
0.225        0.95         909.8366295033
0.25         0.05         890.7529078544
0.25         0.095        556.3170273922
0.25         0.14         385.2487119337
0.25         0.185        282.1313764991
0.25         0.23         215.3620177177
0.25         0.275        170.6546832695
0.25         0.32         140.4208297733
0.25         0.365        120.2764200568
0.25         0.41         107.584505649
0.25         0.455        100.7902059319
0.25         0.5          99.0784198682
0.25         0.545        102.2398897518
0.25         0.59         110.6148302624
0.25         0.635        125.1484850721
0.25         0.68         147.5661661228
0.25         0.725        180.7269565701
0.25         0.77         229.3372360218
0.25         0.815        301.5322155005
0.25         0.86         412.6389757496
0.25         0.905        596.7274549804
0.25         0.95         958.0415390216
0.275        0.05         934.354187661
0.275        0.095        596.4326580047
0.275        0.14         421.9509406292
0.275        0.185        315.7455970686
0.275        0.23         246.2857946561
0.275        0.275        199.2929961946
0.275        0.32         167.2044005017
0.275        0.365        145.6372593331
0.275        0.41         131.9617967795
0.275        0.455        124.6287564836
0.275        0.5          122.8288837178
0.275        0.545        126.3502396294
0.275        0.59         135.539519066
0.275        0.635        151.3491577931
0.275        0.68         175.5075410928
0.275        0.725        210.8819056654
0.275        0.77         262.2080398958
0.275        0.815        337.6273053837
0.275        0.86         452.5429023277
0.275        0.905        641.1646387778
0.275        0.95         1008.2802747649
0.3          0.05         979.7669287368
0.3          0.095        638.5459188721
0.3          0.14         460.8431841635
0.3          0.185        351.7077753998
0.3          0.23         279.6865181567
0.3          0.275        230.5281499995
0.3          0.32         196.6773775559
0.3          0.365        173.7665435252
0.3          0.41         159.170095842
0.3          0.455        151.3388903231
0.3          0.5          149.4687661069
0.3          0.545        153.3516685826
0.3          0.59         163.340322133
0.3          0.635        180.3867504058
0.3          0.68         206.23377486
0.3          0.725        243.7569926574
0.3          0.77         297.6992036219
0.3          0.815        376.2433886765
0.3          0.86         494.8566100637
0.3          0.905        687.8716344187
0.3          0.95         1060.6726945782
0.325        0.05         1027.0625285929
0.325        0.095        682.7760100678
0.325        0.14         502.0252143438
0.325        0.185        390.1246126203
0.325        0.23         315.6749989802
0.325        0.275        264.4668354908
0.325        0.32         228.9532055716
0.325        0.365        204.7766001953
0.325        0.41         189.3122489287
0.325        0.455        181.0234967596
0.325        0.5          179.1055017272
0.325        0.545        183.3533009439
0.325        0.59         194.1232320609
0.325        0.635        212.3795447457
0.325        0.68         239.8601934612
0.325        0.725        279.4615353544
0.325        0.77         335.940049886
0.325        0.815        417.5072628238
0.325        0.86         539.6956810032
0.325        0.905        737.0084231568
0.325        0.95         1115.4072559256
0.35         0.05         1076.3577036448
0.35         0.095        729.2575021751
0.35         0.14         545.6378640273
0.35         0.185        431.1154824414
0.35         0.23         354.3732434222
0.35         0.275        301.2291023916
0.35         0.32         264.1471288577
0.35         0.365        238.7843256517
0.35         0.41         222.5134056174
0.35         0.455        213.8025409385
0.35         0.5          211.8584147181
0.35         0.545        216.4784639929
0.35         0.59         228.018736723
0.35         0.635        247.4497416624
0.35         0.68         276.5169603038
0.35         0.725        318.1282563327
0.35         0.77         377.061447165
0.35         0.815        461.5634192973
0.35         0.86         587.2129453688
0.35         0.905        788.7051441963
0.35         0.95         1172.667661748
0.375        0.05         1127.7862854572
0.375        0.095        778.0942190686
0.375        0.14         591.7859473121
0.375        0.185        474.815103997
0.375        0.23         395.9172673328
0.375        0.275        340.9496413849
0.375        0.32         302.3985657964
0.375        0.365        275.9175864708
0.375        0.41         258.9058414654
0.375        0.455        249.8181386954
0.375        0.5          247.8692810937
0.375        0.545        252.8671717606
0.375        0.59         265.1573527885
0.375        0.635        285.7362763408
0.375        0.68         316.3499345587
0.375        0.725        359.911894024
0.375        0.77         421.2252612338
0.375        0.815        508.5736282659
0.375        0.86         637.5935751051
0.375        0.905        843.1812127709
0.375        0.95         1232.6102972495
0.4          0.05         1181.5191709386
0.4          0.095        829.4609121038
0.4          0.14         640.6611058708
0.4          0.185        521.3816006228
0.4          0.23         440.4709946893
0.4          0.275        383.7934389285
0.4          0.32         343.8639302951
0.4          0.365        316.3490844234
0.4          0.41         298.6458032596
0.4          0.455        289.2254189315
0.4          0.5          287.2963808104
0.4          0.545        292.6733390026
0.4          0.59         305.7209411066
0.4          0.635        327.4167016556
0.4          0.68         359.5304092919
0.4          0.725        404.987288306
0.4          0.77         468.6091658197
0.4          0.815        558.7051884668
0.4          0.86         691.0264096268
0.4          0.905        900.6210214998
0.4          0.95         1295.5515740128
0.425        0.05         1237.6734388643
0.425        0.095        883.5241958516
0.425        0.14         692.4231161644
0.425        0.185        571.0010393221
0.425        0.23         488.1998028109
0.425        0.275        429.9307870471
0.425        0.32         388.7170703964
0.425        0.365        360.2525969111
0.425        0.41         341.9216757286
0.425        0.455        332.209100444
0.425        0.5          330.3274862587
0.425        0.545        336.0963065628
0.425        0.59         349.8804273265
0.425        0.635        372.6721407744
0.425        0.68         406.2519016787
0.425        0.725        453.5511718171
0.425        0.77         519.4154280087
0.425        0.815        612.202222788
0.425        0.86         747.7093752337
0.425        0.905        961.2506031351
0.425        0.95         1361.6885681381
0.45         0.05         1296.4946311798
0.45         0.095        940.4780126119
0.45         0.14         747.2701154771
0.45         0.185        623.8634524212
0.45         0.23         539.3205052051
0.45         0.275        479.5747736083
0.45         0.32         437.1841939331
0.45         0.365        407.8362153086
0.45         0.41         388.9387132677
0.45         0.455        378.9796812887
0.45         0.5          377.1735087225
0.45         0.545        383.3455753829
0.45         0.59         397.8628504299
0.45         0.635        421.7370994891
0.45         0.68         456.7383710285
0.45         0.725        505.8236516075
0.45         0.77         573.8691825629
0.45         0.815        669.26633574
0.45         0.86         807.9195702965
0.45         0.905        1025.3680193679
0.45         0.95         1431.3312877523
0.475        0.05         1358.1235750311
0.475        0.095        1000.5540157888
0.475        0.14         805.4449253499
0.475        0.185        680.2135819139
0.475        0.23         594.0627060916
0.475        0.275        532.9646533394
0.475        0.32         489.4882899348
0.475        0.365        459.3452216733
0.475        0.41         439.9426205589
0.475        0.455        429.7779062823
0.475        0.5          428.0810228533
0.475        0.545        434.6677005234
0.475        0.59         449.9288522235
0.475        0.635        474.8536508041
0.475        0.68         511.2529445047
0.475        0.725        562.0919849059
0.475        0.77         632.2761164641
0.475        0.815        730.2169218192
0.475        0.86         871.9701359136
0.475        0.905        1093.2753269624
0.475        0.95         1504.8780904182
0.5          0.05         1422.8228786376
0.5          0.095        1064.0167200734
0.5          0.14         867.1926443854
0.5          0.185        740.3267787961
0.5          0.23         652.7008171622
0.5          0.275        590.3632864487
0.5          0.32         545.9131659193
0.5          0.365        515.0496441656
0.5          0.41         495.2191625206
0.5          0.455        484.9033323 
0.5          0.5          483.3388349028
0.5          0.545        490.3617247867
0.5          0.59         506.3577624701
0.5          0.635        532.336930142
0.5          0.68         570.1091839376
0.5          0.725        622.6607606297
0.5          0.77         694.9231052201
0.5          0.815        795.3806028857
0.5          0.86         940.1558934175
0.5          0.905        1165.3192519732
0.5          0.95         1582.6944680909
