0.00000000	-0.50000000	62.956514038728
0.00000000	-0.45000000	49.685715177320
0.00000000	-0.40000000	38.319499237255
0.00000000	-0.35000000	28.682410109784
0.00000000	-0.30000000	20.630321632579
0.00000000	-0.25000000	14.043133089408
0.00000000	-0.20000000	8.819519803873
0.00000000	-0.15000000	4.873072761264
0.00000000	-0.10000000	2.129402458067
0.00000000	-0.05000000	0.523927810783
0.00000000	0.00000000	0.000161803581
0.00000000	0.05000000	0.508363881733
0.00000000	0.10000000	2.004467509072
0.00000000	0.15000000	4.449217181014
0.00000000	0.20000000	7.807466968520
0.00000000	0.25000000	12.047605116618
0.00000000	0.30000000	17.141078079514
0.00000000	0.35000000	23.061993773431
0.00000000	0.40000000	29.786788514815
0.00000000	0.45000000	37.293945587265
0.00000000	0.50000000	45.563755988351
0.00050000	-0.50000000	63.398568826025
0.00050000	-0.45000000	50.070649695926
0.00050000	-0.40000000	38.651314667819
0.00050000	-0.35000000	28.964578998423
0.00050000	-0.30000000	20.865890834937
0.00050000	-0.25000000	14.234801071208
0.00050000	-0.20000000	8.969695908216
0.00050000	-0.15000000	4.983923473263
0.00050000	-0.10000000	2.202888089140
0.00050000	-0.05000000	0.561831989519
0.00050000	0.00000000	0.004115474736
0.00050000	0.05000000	0.479865049963
0.00050000	0.10000000	1.944897641661
0.00050000	0.15000000	4.359854956028
0.00050000	0.20000000	7.689499890959
0.00050000	0.25000000	11.902139405433
0.00050000	0.30000000	16.969147139613
0.00050000	0.35000000	22.864565500221
0.00050000	0.40000000	29.564771628218
0.00050000	0.45000000	37.048195153265
0.00050000	0.50000000	45.295078256006
0.00100000	-0.50000000	63.736417303194
0.00100000	-0.45000000	50.362674007555
0.00100000	-0.40000000	38.901398090863
0.00100000	-0.35000000	29.176086509336
0.00100000	-0.30000000	21.041770260782
0.00100000	-0.25000000	14.377659040356
0.00100000	-0.20000000	9.081856077152
0.00100000	-0.15000000	5.067471972516
0.00100000	-0.10000000	2.259709551582
0.00100000	-0.05000000	0.593638507147
0.00100000	0.00000000	0.012470156612
0.00100000	0.05000000	0.466201397066
0.00100000	0.10000000	1.910535637588
0.00100000	0.15000000	4.306014548519
0.00100000	0.20000000	7.617312378122
0.00100000	0.25000000	11.812657122816
0.00100000	0.30000000	16.863351757056
0.00100000	0.35000000	22.743375171903
0.00100000	0.40000000	29.429047189544
0.00100000	0.45000000	36.898745520029
0.00100000	0.50000000	45.132665151588
0.00150000	-0.50000000	63.965397797464
0.00150000	-0.45000000	50.557301285665
0.00150000	-0.40000000	39.065420463480
0.00150000	-0.35000000	29.312747438381
0.00150000	-0.30000000	21.153906935780
0.00150000	-0.25000000	14.467776433736
0.00150000	-0.20000000	9.152183739854
0.00150000	-0.15000000	5.120008374963
0.00150000	-0.10000000	2.296257242088
0.00150000	-0.05000000	0.615832371898
0.00150000	0.00000000	0.021800410805
0.00150000	0.05000000	0.464032492305
0.00150000	0.10000000	1.898121962282
0.00150000	0.15000000	4.284513579867
0.00150000	0.20000000	7.587795787289
0.00150000	0.25000000	11.776120220136
0.00150000	0.30000000	16.820721578992
0.00150000	0.35000000	22.695517447581
0.00150000	0.40000000	29.376772376096
0.00150000	0.45000000	36.842814058643
0.00150000	0.50000000	45.073792067202
0.00200000	-0.50000000	64.083683210472
0.00200000	-0.45000000	50.652812278142
0.00200000	-0.40000000	39.141764247294
0.00200000	-0.35000000	29.373040252334
0.00200000	-0.30000000	21.200870060345
0.00200000	-0.25000000	14.503808336301
0.00200000	-0.20000000	9.179415411809
0.00200000	-0.15000000	5.140346535636
0.00200000	-0.10000000	2.311418594435
0.00200000	-0.05000000	0.627371134201
0.00200000	0.00000000	0.031130711763
0.00200000	0.05000000	0.472446784358
0.00200000	0.10000000	1.906806307716
0.00200000	0.15000000	4.294560451811
0.00200000	0.20000000	7.600214874731
0.00200000	0.25000000	11.791847614242
0.00200000	0.30000000	16.840627635068
0.00200000	0.35000000	22.720413554652
0.00200000	0.40000000	29.407416818742
0.00200000	0.45000000	36.879917119286
0.00200000	0.50000000	45.118020488790
0.00250000	-0.50000000	64.093683864667
0.00250000	-0.45000000	50.651492508406
0.00250000	-0.40000000	39.132601038191
0.00250000	-0.35000000	29.359032187354
0.00250000	-0.30000000	21.184630961559
0.00250000	-0.25000000	14.487637659243
0.00250000	-0.20000000	9.165352258987
0.00250000	-0.15000000	5.130211836929
0.00250000	-0.10000000	2.306848555505
0.00250000	-0.05000000	0.629844120273
0.00250000	0.00000000	0.041989114598
0.00250000	0.05000000	0.492914999094
0.00250000	0.10000000	1.938005653744
0.00250000	0.15000000	4.337521664722
0.00250000	0.20000000	7.655888647193
0.00250000	0.25000000	11.861113554509
0.00250000	0.30000000	16.924301930816
0.00250000	0.35000000	22.819255568984
0.00250000	0.40000000	29.522134798897
0.00250000	0.45000000	37.011173163014
0.00250000	0.50000000	45.266434885698
0.00300000	-0.50000000	63.997615657150
0.00300000	-0.45000000	50.555760062964
0.00300000	-0.40000000	39.040535627898
0.00300000	-0.35000000	29.273500849346
0.00300000	-0.30000000	21.108127593666
0.00300000	-0.25000000	14.422351500360
0.00300000	-0.20000000	9.113220428569
0.00300000	-0.15000000	5.092960358062
0.00300000	-0.10000000	2.286024878880
0.00300000	-0.05000000	0.626843258223
0.00300000	0.00000000	0.058074891718
0.00300000	0.05000000	0.529237516209
0.00300000	0.10000000	1.995615777354
0.00300000	0.15000000	4.417383152444
0.00300000	0.20000000	7.758888374511
0.00300000	0.25000000	11.988070201859
0.00300000	0.30000000	17.075973411162
0.00300000	0.35000000	22.996345416790
0.00300000	0.40000000	29.725297696283
0.00300000	0.45000000	37.241019744238
0.00300000	0.50000000	45.523535934202
0.00350000	-0.50000000	63.804464079308
0.00350000	-0.45000000	50.374196672594
0.00350000	-0.40000000	38.873780221486
0.00350000	-0.35000000	29.124318257129
0.00350000	-0.30000000	20.978917223757
0.00350000	-0.25000000	14.315214639060
0.00350000	-0.20000000	9.030011863479
0.00350000	-0.15000000	5.035328675784
0.00350000	-0.10000000	2.255444404972
0.00350000	-0.05000000	0.624639713781
0.00350000	0.00000000	0.085446248289
0.00350000	0.05000000	0.587271127753
0.00350000	0.10000000	2.085302588008
0.00350000	0.15000000	4.539629580606
0.00350000	0.20000000	7.914526330877
0.00350000	0.25000000	12.177865594548
0.00350000	0.30000000	17.300633413488
0.00350000	0.35000000	23.256524714906
0.00350000	0.40000000	30.021603889598
0.00350000	0.45000000	37.574018037386
0.00350000	0.50000000	45.893753232892
0.00400000	-0.50000000	63.520379638627
0.00400000	-0.45000000	50.113315475724
0.00400000	-0.40000000	38.639163183725
0.00400000	-0.35000000	28.918589173369
0.00400000	-0.30000000	20.804348759545
0.00400000	-0.25000000	14.173793016016
0.00400000	-0.20000000	8.923486511550
0.00400000	-0.15000000	4.965251014307
0.00400000	-0.10000000	2.223198593940
0.00400000	-0.05000000	0.631467363525
0.00400000	0.00000000	0.132466509073
0.00400000	0.05000000	0.675497195075
0.00400000	0.10000000	2.215655391183
0.00400000	0.15000000	4.712949232087
0.00400000	0.20000000	8.131581776711
0.00400000	0.25000000	12.439362805936
0.00400000	0.30000000	17.607222384900
0.00400000	0.35000000	23.608805478111
0.00400000	0.40000000	30.420131710279
0.00400000	0.45000000	38.019307928219
0.00400000	0.50000000	46.386283891420
0.00450000	-0.50000000	63.158159263761
0.00450000	-0.45000000	49.785499611497
0.00450000	-0.40000000	38.348696413282
0.00450000	-0.35000000	28.667989643209
0.00450000	-0.30000000	20.595792208951
0.00450000	-0.25000000	14.009176011608
0.00450000	-0.20000000	8.804474997588
0.00450000	-0.15000000	4.893318237424
0.00450000	-0.10000000	2.199655175524
0.00450000	-0.05000000	0.657485461711
0.00450000	0.00000000	0.209099459597
0.00450000	0.05000000	0.803695643841
0.00450000	0.10000000	2.396280669439
0.00450000	0.15000000	4.946784539341
0.00450000	0.20000000	8.419341602484
0.00450000	0.25000000	12.781700923265
0.00450000	0.30000000	18.004738675549
0.00450000	0.35000000	24.062051794561
0.00450000	0.40000000	30.929616937776
0.00450000	0.45000000	38.585502378023
0.00450000	0.50000000	47.009623131407
0.00500000	-0.50000000	62.729988068534
0.00500000	-0.45000000	49.402967380824
0.00500000	-0.40000000	38.014612083967
0.00500000	-0.35000000	28.384750512123
0.00500000	-0.30000000	20.365465030054
0.00500000	-0.25000000	13.833558071408
0.00500000	-0.20000000	8.685141038260
0.00500000	-0.15000000	4.831657129735
0.00500000	-0.10000000	2.196899010471
0.00500000	-0.05000000	0.714732931463
0.00500000	0.00000000	0.327334867200
0.00500000	0.05000000	0.983804518962
0.00500000	0.10000000	2.639062715273
0.00500000	0.15000000	5.252964456754
0.00500000	0.20000000	8.789578208236
0.00500000	0.25000000	13.216594884393
0.00500000	0.30000000	18.504839111528
0.00500000	0.35000000	24.627861945830
0.00500000	0.40000000	31.561599058822
0.00500000	0.45000000	39.284081982091
0.00500000	0.50000000	47.775192689754
0.00550000	-0.50000000	62.251190209243
0.00550000	-0.45000000	48.980742488872
0.00550000	-0.40000000	37.651657985774
0.00550000	-0.35000000	28.083364114829
0.00550000	-0.30000000	20.127621462046
0.00550000	-0.25000000	13.660970287451
0.00550000	-0.20000000	8.579305613908
0.00550000	-0.15000000	4.793890051364
0.00550000	-0.10000000	2.228364064645
0.00550000	-0.05000000	0.816464518885
0.00550000	0.00000000	0.500256548411
0.00550000	0.05000000	1.228744245743
0.00550000	0.10000000	2.956765455639
0.00550000	0.15000000	5.644102746767
0.00550000	0.20000000	9.254761037722
0.00550000	0.25000000	13.756375231130
0.00550000	0.30000000	19.119720369722
0.00550000	0.35000000	25.318303442867
0.00550000	0.40000000	32.328020814866
0.00550000	0.45000000	40.126868836678
0.00550000	0.50000000	48.694697895951
0.00600000	-0.50000000	61.737434834797
0.00600000	-0.45000000	48.534512980670
0.00600000	-0.40000000	37.275521068128
0.00600000	-0.35000000	27.779501551202
0.00600000	-0.30000000	19.897905737897
0.00600000	-0.25000000	13.507021730884
0.00600000	-0.20000000	8.502536358529
0.00600000	-0.15000000	4.795538445438
0.00600000	-0.10000000	2.309521998459
0.00600000	-0.05000000	0.978099407333
0.00600000	0.00000000	0.743229215453
0.00600000	0.05000000	1.553823622280
0.00600000	0.10000000	3.364640768397
0.00600000	0.15000000	6.135393709397
0.00600000	0.20000000	9.830026434907
0.00600000	0.25000000	14.416120198110
0.00600000	0.30000000	19.864402603750
0.00600000	0.35000000	26.148338533506
0.00600000	0.40000000	33.243786842122
0.00600000	0.45000000	41.128710356801
0.00600000	0.50000000	49.782929411994
0.00650000	-0.50000000	61.206361502504
0.00650000	-0.45000000	48.081633971470
0.00650000	-0.40000000	36.903298852052
0.00650000	-0.35000000	27.490023860173
0.00650000	-0.30000000	19.692959403827
0.00650000	-0.25000000	13.388148410936
0.00650000	-0.20000000	8.471075420919
0.00650000	-0.15000000	4.852660532226
0.00650000	-0.10000000	2.456255677198
0.00650000	-0.05000000	1.215352606460
0.00650000	0.00000000	1.071806659926
0.00650000	0.05000000	1.974441159055
0.00650000	0.10000000	3.877937243076
0.00650000	0.15000000	6.741940893021
0.00650000	0.20000000	10.530337382384
0.00650000	0.25000000	15.210656333475
0.00650000	0.30000000	20.753579763197
0.00650000	0.35000000	27.132532148640
0.00650000	0.40000000	34.323336408931
0.00650000	0.45000000	42.303923307333
0.00650000	0.50000000	51.054084483541
0.00700000	-0.50000000	60.676632928904
0.00700000	-0.45000000	47.640630977540
0.00700000	-0.40000000	36.553378659619
0.00700000	-0.35000000	27.233180636573
0.00700000	-0.30000000	19.530895722199
0.00700000	-0.25000000	13.322329238445
0.00700000	-0.20000000	8.502769704470
0.00700000	-0.15000000	4.982973767268
0.00700000	-0.10000000	2.686155784945
0.00700000	-0.05000000	1.545690755674
0.00700000	0.00000000	1.503334209017
0.00700000	0.05000000	2.507823579142
0.00700000	0.10000000	4.513765662478
0.00700000	0.15000000	7.480741746800
0.00700000	0.20000000	11.372580536989
0.00700000	0.25000000	16.156761973038
0.00700000	0.30000000	21.803924261769
0.00700000	0.35000000	28.287453105695
0.00700000	0.40000000	35.583136989589
0.00700000	0.45000000	43.668876001107
0.00700000	0.50000000	52.524434373851
0.00750000	-0.50000000	60.168051798116
0.00750000	-0.45000000	47.231184043996
0.00750000	-0.40000000	36.245305877203
0.00750000	-0.35000000	27.028374482113
0.00750000	-0.30000000	19.430969178842
0.00750000	-0.25000000	13.328667289613
0.00750000	-0.20000000	8.616569085531
0.00750000	-0.15000000	5.205274156383
0.00750000	-0.10000000	3.017864625113
0.00750000	-0.05000000	1.987603254729
0.00750000	0.00000000	2.056149631896
0.00750000	0.05000000	3.172158650012
0.00750000	0.10000000	5.290165686363
0.00750000	0.15000000	8.369689911955
0.00750000	0.20000000	12.374505751535
0.00750000	0.25000000	17.272045510008
0.00750000	0.30000000	23.032905427477
0.00750000	0.35000000	29.630434101536
0.00750000	0.40000000	37.040387103125
0.00750000	0.45000000	45.240635235859
0.00750000	0.50000000	54.210916606573
0.00800000	-0.50000000	59.700956801870
0.00800000	-0.45000000	46.873283081451
0.00800000	-0.40000000	35.998762775419
0.00800000	-0.35000000	26.895012659332
0.00800000	-0.30000000	19.412338375824
0.00800000	-0.25000000	13.426094113074
0.00800000	-0.20000000	8.831196024330
0.00800000	-0.15000000	5.538090193379
0.00800000	-0.10000000	3.469729596231
0.00800000	-0.05000000	2.559267473470
0.00800000	0.00000000	2.748269873128
0.00800000	0.05000000	3.985311295699
0.00800000	0.10000000	6.224857631821
0.00800000	0.15000000	9.426367685531
0.00800000	0.20000000	13.553563194902
0.00800000	0.25000000	18.573830288329
0.00800000	0.30000000	24.457724580534
0.00800000	0.35000000	31.178558802919
0.00800000	0.40000000	38.712056760957
0.00800000	0.45000000	47.036061042530
0.00800000	0.50000000	56.130284624707
0.00850000	-0.50000000	59.295760473706
0.00850000	-0.45000000	46.587219272065
0.00850000	-0.40000000	35.833904904226
0.00850000	-0.35000000	26.853105063393
0.00850000	-0.30000000	19.494860618390
0.00850000	-0.25000000	13.634309765055
0.00850000	-0.20000000	9.166190369223
0.00850000	-0.15000000	6.000799843347
0.00850000	-0.10000000	4.060966081352
0.00850000	-0.05000000	3.279736261521
0.00850000	0.00000000	3.598585871512
0.00850000	0.05000000	4.966011608172
0.00850000	0.10000000	7.336412146998
0.00850000	0.15000000	10.669187934213
0.00850000	0.20000000	14.928009811588
0.00850000	0.25000000	20.080219337280
0.00850000	0.30000000	26.096332950661
0.00850000	0.35000000	32.949628833348
0.00850000	0.40000000	40.615800226624
0.00850000	0.45000000	49.072662604065
0.00850000	0.50000000	58.299904827248
0.00900000	-0.50000000	58.972342033238
0.00900000	-0.45000000	46.393010911114
0.00900000	-0.40000000	35.770861334169
0.00900000	-0.35000000	26.922868767561
0.00900000	-0.30000000	19.698822386607
0.00900000	-0.25000000	13.973654759656
0.00900000	-0.20000000	9.641933828270
0.00900000	-0.15000000	6.613815189682
0.00900000	-0.10000000	4.812007355972
0.00900000	-0.05000000	4.169456242133
0.00900000	0.00000000	4.627550861314
0.00900000	0.05000000	6.134713620785
0.00900000	0.10000000	8.645279030952
0.00900000	0.15000000	12.118591849615
0.00900000	0.20000000	16.518274376215
0.00900000	0.25000000	21.811625688897
0.00900000	0.30000000	27.969124919505
0.00900000	0.35000000	34.964017378685
0.00900000	0.40000000	42.771967260562
0.00900000	0.45000000	51.370764302015
0.00900000	0.50000000	60.740074505852
0.00950000	-0.50000000	58.755432007984
0.00950000	-0.45000000	46.314564321870
0.00950000	-0.40000000	35.832796981352
0.00950000	-0.35000000	27.126795510294
0.00950000	-0.30000000	20.046099367694
0.00950000	-0.25000000	14.465437217096
0.00950000	-0.20000000	10.279208589812
0.00950000	-0.15000000	7.397428610179
0.00950000	-0.10000000	5.742687608552
0.00950000	-0.05000000	5.247831317989
0.00950000	0.00000000	5.854163258466
0.00950000	0.05000000	7.510032444005
0.00950000	0.10000000	10.169710043410
0.00950000	0.15000000	13.792485886585
0.00950000	0.20000000	18.341934436344
0.00950000	0.25000000	23.785312948415
0.00950000	0.30000000	30.093063862210
0.00950000	0.35000000	37.238400194711
0.00950000	0.40000000	45.196957636393
0.00950000	0.45000000	53.946500700557
0.00950000	0.50000000	63.466673016872
0.01000000	-0.50000000	58.661909686625
0.01000000	-0.45000000	46.369341148712
0.01000000	-0.40000000	36.037666948323
0.01000000	-0.35000000	27.483262116199
0.01000000	-0.30000000	20.555431336937
0.01000000	-0.25000000	15.128711089823
0.01000000	-0.20000000	11.097341856940
0.01000000	-0.15000000	8.371205885609
0.01000000	-0.10000000	6.872781575142
0.01000000	-0.05000000	6.534819685228
0.01000000	0.00000000	7.298542631992
0.01000000	0.05000000	9.112229772963
0.01000000	0.10000000	11.930092146070
0.01000000	0.15000000	15.711367435412
0.01000000	0.20000000	20.419584696521
0.01000000	0.25000000	26.021961499109
0.01000000	0.30000000	32.488905481244
0.01000000	0.35000000	39.793599050309
0.01000000	0.40000000	47.911650901220
0.01000000	0.45000000	56.820801681215
0.01000000	0.50000000	66.500673874696
