0.00000000	-0.50000000	62.956514038728
0.00000000	-0.45000000	49.685715177320
0.00000000	-0.40000000	38.319499237255
0.00000000	-0.35000000	28.682410109784
0.00000000	-0.30000000	20.630321632579
0.00000000	-0.25000000	14.043133089408
0.00000000	-0.20000000	8.819519803873
0.00000000	-0.15000000	4.873072761264
0.00000000	-0.10000000	2.129402458067
0.00000000	-0.05000000	0.523927810783
0.00000000	0.00000000	0.000161803581
0.00000000	0.05000000	0.508363881733
0.00000000	0.10000000	2.004467509072
0.00000000	0.15000000	4.449217181014
0.00000000	0.20000000	7.807466968520
0.00000000	0.25000000	12.047605116618
0.00000000	0.30000000	17.141078079514
0.00000000	0.35000000	23.061993773431
0.00000000	0.40000000	29.786788514815
0.00000000	0.45000000	37.293945587265
0.00000000	0.50000000	45.563755988351
0.00050000	-0.50000000	62.416950905711
0.00050000	-0.45000000	49.214465197051
0.00050000	-0.40000000	37.912449367123
0.00050000	-0.35000000	28.335985251549
0.00050000	-0.30000000	20.341380159603
0.00050000	-0.25000000	13.808888378348
0.00050000	-0.20000000	8.637480055772
0.00050000	-0.15000000	4.740994011522
0.00050000	-0.10000000	2.045251305168
0.00050000	-0.05000000	0.485851443297
0.00050000	0.00000000	0.006463599885
0.00050000	0.05000000	0.557483328317
0.00050000	0.10000000	2.094963510145
0.00050000	0.15000000	4.579754063150
0.00050000	0.20000000	7.976802650251
0.00050000	0.25000000	12.254581034286
0.00050000	0.30000000	17.384610550641
0.00050000	0.35000000	23.341066546447
0.00050000	0.40000000	30.100446305281
0.00050000	0.45000000	37.641288440152
0.00050000	0.50000000	45.943934336528
0.00100000	-0.50000000	61.789054875356
0.00100000	-0.45000000	48.665995735142
0.00100000	-0.40000000	37.439174121146
0.00100000	-0.35000000	27.934221613112
0.00100000	-0.30000000	20.007888567465
0.00100000	-0.25000000	13.540792197605
0.00100000	-0.20000000	8.432204142723
0.00100000	-0.15000000	4.596216749147
0.00100000	-0.10000000	1.958866562150
0.00100000	-0.05000000	0.455937983207
0.00100000	0.00000000	0.031260177766
0.00100000	0.05000000	0.635368193876
0.00100000	0.10000000	2.224437370798
0.00100000	0.15000000	4.759425796229
0.00100000	0.20000000	8.205377223416
0.00100000	0.25000000	12.530849217148
0.00100000	0.30000000	17.707440092484
0.00100000	0.35000000	23.709394563846
0.00100000	0.40000000	30.513272675818
0.00100000	0.45000000	38.097670038634
0.00100000	0.50000000	46.442979981314
0.00150000	-0.50000000	61.086416911675
0.00150000	-0.45000000	48.053457738752
0.00150000	-0.40000000	36.912425427845
0.00150000	-0.35000000	27.489506166041
0.00150000	-0.30000000	19.641897577485
0.00150000	-0.25000000	13.250583515252
0.00150000	-0.20000000	8.215140414360
0.00150000	-0.15000000	4.449917117067
0.00150000	-0.10000000	1.881168343988
0.00150000	-0.05000000	0.444865844740
0.00150000	0.00000000	0.085001027205
0.00150000	0.05000000	0.752250510057
0.00150000	0.10000000	2.402914013417
0.00150000	0.15000000	4.998059583496
0.00150000	0.20000000	8.502828733103
0.00150000	0.25000000	12.885866391638
0.00150000	0.30000000	18.118849320756
0.00150000	0.35000000	24.176092982663
0.00150000	0.40000000	31.034221485023
0.00150000	0.45000000	38.671888665920
0.00150000	0.50000000	47.069540963202
0.00200000	-0.50000000	60.320871209507
0.00200000	-0.45000000	47.388880963955
0.00200000	-0.40000000	36.344385129230
0.00200000	-0.35000000	27.014138675178
0.00200000	-0.30000000	19.255797643507
0.00200000	-0.25000000	12.950721503100
0.00200000	-0.20000000	7.998798856879
0.00200000	-0.15000000	4.314641203471
0.00200000	-0.10000000	1.824726665064
0.00200000	-0.05000000	0.465218832096
0.00200000	0.00000000	0.180275262109
0.00200000	0.05000000	0.920717577518
0.00200000	0.10000000	2.642972923356
0.00200000	0.15000000	5.308222025297
0.00200000	0.20000000	8.881706605414
0.00200000	0.25000000	13.332161177423
0.00200000	0.30000000	18.631342972508
0.00200000	0.35000000	24.753640053822
0.00200000	0.40000000	31.675742297693
0.00200000	0.45000000	39.376363346445
0.00200000	0.50000000	47.836004209309
0.00250000	-0.50000000	59.511378341707
0.00250000	-0.45000000	46.690582902287
0.00250000	-0.40000000	35.752790990752
0.00250000	-0.35000000	26.525328957604
0.00250000	-0.30000000	18.866313734168
0.00250000	-0.25000000	12.657482721735
0.00250000	-0.20000000	7.799038847921
0.00250000	-0.15000000	4.205858271395
0.00250000	-0.10000000	1.804644377552
0.00250000	-0.05000000	0.531754329569
0.00250000	0.00000000	0.331513448967
0.00250000	0.05000000	1.154889869868
0.00250000	0.10000000	2.958439574058
0.00250000	0.15000000	5.703457291503
0.00250000	0.20000000	9.355286199428
0.00250000	0.25000000	13.882751569997
0.00250000	0.30000000	19.257692212593
0.00250000	0.35000000	25.454569840141
0.00250000	0.40000000	32.450141091573
0.00250000	0.45000000	40.223180356916
0.00250000	0.50000000	48.754244113705
0.00300000	-0.50000000	58.676203705576
0.00300000	-0.45000000	45.976648306876
0.00300000	-0.40000000	35.155542918002
0.00300000	-0.35000000	26.040791052581
0.00300000	-0.30000000	18.490975029032
0.00300000	-0.25000000	12.388213788523
0.00300000	-0.20000000	7.633027555324
0.00300000	-0.15000000	4.140559653659
0.00300000	-0.10000000	1.837740886555
0.00300000	-0.05000000	0.661123873939
0.00300000	0.00000000	0.555203372573
0.00300000	0.05000000	1.471095528909
0.00300000	0.10000000	3.365486522756
0.00300000	0.15000000	6.199786333982
0.00300000	0.20000000	9.939440743169
0.00300000	0.25000000	14.553366845946
0.00300000	0.30000000	20.013486023055
0.00300000	0.35000000	26.294334567557
0.00300000	0.40000000	33.372736755968
0.00300000	0.45000000	41.227528551703
0.00300000	0.50000000	49.839322682075
0.00350000	-0.50000000	57.834886009175
0.00350000	-0.45000000	45.266360289311
0.00350000	-0.40000000	34.571686528779
0.00350000	-0.35000000	25.579347043075
0.00350000	-0.30000000	18.148391208095
0.00350000	-0.25000000	12.161321131661
0.00350000	-0.20000000	7.518975884670
0.00350000	-0.15000000	4.136767417849
0.00350000	-0.10000000	1.941855321983
0.00350000	-0.05000000	0.870988956284
0.00350000	0.00000000	0.868833713191
0.00350000	0.05000000	1.886654876099
0.00350000	0.10000000	3.881269877960
0.00350000	0.15000000	6.814204940225
0.00350000	0.20000000	10.651009380635
0.00350000	0.25000000	15.360692999291
0.00350000	0.30000000	20.915260581060
0.00350000	0.35000000	27.289323787758
0.00350000	0.40000000	34.459775281597
0.00350000	0.45000000	42.405513310255
0.00350000	0.50000000	51.107207527376
0.00400000	-0.50000000	57.008518371390
0.00400000	-0.45000000	44.580609984120
0.00400000	-0.40000000	34.021904021141
0.00400000	-0.35000000	25.161467283045
0.00400000	-0.30000000	17.858820510650
0.00400000	-0.25000000	11.996852338492
0.00400000	-0.20000000	7.476723373762
0.00400000	-0.15000000	4.214116397197
0.00400000	-0.10000000	2.136421630390
0.00400000	-0.05000000	1.180586742123
0.00400000	0.00000000	1.291449120460
0.00400000	0.05000000	2.420424380619
0.00400000	0.10000000	4.524462271912
0.00400000	0.15000000	7.565206213927
0.00400000	0.20000000	11.508309930489
0.00400000	0.25000000	16.322876722108
0.00400000	0.30000000	21.980995512169
0.00400000	0.35000000	28.457354013131
0.00400000	0.40000000	35.728913909506
0.00400000	0.45000000	43.774636330396
0.00400000	0.50000000	52.575248418255
0.00450000	-0.50000000	56.220055463633
0.00450000	-0.45000000	43.941975748763
0.00450000	-0.40000000	33.528422987969
0.00450000	-0.35000000	24.809049862453
0.00450000	-0.30000000	17.643849586281
0.00450000	-0.25000000	11.916098230345
0.00450000	-0.20000000	7.527278707346
0.00450000	-0.15000000	4.393345295903
0.00450000	-0.10000000	2.441919441575
0.00450000	-0.05000000	1.610147659587
0.00450000	0.00000000	1.843039827148
0.00450000	0.05000000	3.092162350670
0.00450000	0.10000000	5.314597727679
0.00450000	0.15000000	8.472106985077
0.00450000	0.20000000	12.530448642846
0.00450000	0.25000000	17.458819875565
0.00450000	0.30000000	23.229394104414
0.00450000	0.35000000	29.816935438956
0.00450000	0.40000000	37.198474920883
0.00450000	0.45000000	45.353036884983
0.00450000	0.50000000	54.261406276961
0.00500000	-0.50000000	55.493314124970
0.00500000	-0.45000000	43.373908092747
0.00500000	-0.40000000	33.114349103306
0.00500000	-0.35000000	24.544874465308
0.00500000	-0.30000000	17.525948810257
0.00500000	-0.25000000	11.941234765043
0.00500000	-0.20000000	7.692536819927
0.00500000	-0.15000000	4.696080154154
0.00500000	-0.10000000	2.879716951286
0.00500000	-0.05000000	2.180792181446
0.00500000	0.00000000	2.544487899420
0.00500000	0.05000000	3.922521058939
0.00500000	0.10000000	6.272106719178
0.00500000	0.15000000	9.555123376338
0.00500000	0.20000000	13.737434249685
0.00500000	0.25000000	18.788330325897
0.00500000	0.30000000	24.680069491586
0.00500000	0.35000000	31.387492246194
0.00500000	0.40000000	38.887699002696
0.00500000	0.45000000	47.159777333772
0.00500000	0.50000000	56.184570035920
0.00550000	-0.50000000	54.851826659996
0.00550000	-0.45000000	42.899703022183
0.00550000	-0.40000000	32.802748398283
0.00550000	-0.35000000	24.391783058541
0.00550000	-0.30000000	17.527741697698
0.00550000	-0.25000000	12.094672383174
0.00550000	-0.20000000	7.994700255646
0.00550000	-0.15000000	5.144320619673
0.00550000	-0.10000000	3.471615745900
0.00550000	-0.05000000	2.914128511641
0.00550000	0.00000000	3.417212687997
0.00550000	0.05000000	4.932735387758
0.00550000	0.10000000	7.418043905505
0.00550000	0.15000000	10.835133933477
0.00550000	0.20000000	15.149973162435
0.00550000	0.25000000	20.331946202520
0.00550000	0.30000000	26.353395250995
0.00550000	0.35000000	33.189237071738
0.00550000	0.40000000	40.816641349051
0.00550000	0.45000000	49.214758815749
0.00550000	0.50000000	58.364490060729
0.00600000	-0.50000000	54.319640808664
0.00600000	-0.45000000	42.543141142334
0.00600000	-0.40000000	32.617142278477
0.00600000	-0.35000000	24.373045567527
0.00600000	-0.30000000	17.672254102670
0.00600000	-0.25000000	12.399199928297
0.00600000	-0.20000000	8.456327553359
0.00600000	-0.15000000	5.760401286402
0.00600000	-0.10000000	4.239732505107
0.00600000	-0.05000000	3.832061137394
0.00600000	0.00000000	4.482911921770
0.00600000	0.05000000	6.144301474985
0.00600000	0.10000000	8.773708753724
0.00600000	0.15000000	12.333246144329
0.00600000	0.20000000	16.788985369491
0.00600000	0.25000000	22.110404277865
0.00600000	0.30000000	28.269929040303
0.00600000	0.35000000	35.242552390149
0.00600000	0.40000000	43.005513025127
0.00600000	0.45000000	51.538024612979
0.00600000	0.50000000	60.821045338695
0.00650000	-0.50000000	53.921638466957
0.00650000	-0.45000000	42.328912428197
0.00650000	-0.40000000	32.582030231855
0.00650000	-0.35000000	24.512973264877
0.00650000	-0.30000000	17.983611893620
0.00650000	-0.25000000	12.878761017925
0.00650000	-0.20000000	9.101183441336
0.00650000	-0.15000000	6.567911471803
0.00650000	-0.10000000	5.207484666999
0.00650000	-0.05000000	4.957839157325
0.00650000	0.00000000	5.764669877026
0.00650000	0.05000000	7.580142247174
0.00650000	0.10000000	10.361866253629
0.00650000	0.15000000	14.072070405059
0.00650000	0.20000000	18.676929939975
0.00650000	0.25000000	24.146015479895
0.00650000	0.30000000	30.451836749251
0.00650000	0.35000000	37.569462072035
0.00650000	0.40000000	45.476198817758
0.00650000	0.45000000	54.151323280990
0.00650000	0.50000000	63.575850964980
0.00700000	-0.50000000	53.681593397429
0.00700000	-0.45000000	42.280383779561
0.00700000	-0.40000000	32.720399647719
0.00700000	-0.35000000	24.834197054341
0.00700000	-0.30000000	18.484109193533
0.00700000	-0.25000000	13.555330096900
0.00700000	-0.20000000	9.950937711498
0.00700000	-0.15000000	7.588229654586
0.00700000	-0.10000000	6.395971349565
0.00700000	-0.05000000	6.312293124865
0.00700000	0.00000000	7.283058363857
0.00700000	0.05000000	9.260579761787
0.00700000	0.10000000	12.202596986679
0.00700000	0.15000000	16.071453478528
0.00700000	0.20000000	20.833426934428
0.00700000	0.25000000	26.458179806873
0.00700000	0.30000000	32.918304531976
0.00700000	0.35000000	40.188944269600
0.00700000	0.40000000	48.247474382492
0.00700000	0.45000000	57.073233180489
0.00700000	0.50000000	66.647292932643
0.00750000	-0.50000000	53.624208114260
0.00750000	-0.45000000	42.422161005910
0.00750000	-0.40000000	33.056758259425
0.00750000	-0.35000000	25.361125580450
0.00750000	-0.30000000	19.198054892984
0.00750000	-0.25000000	14.453115949640
0.00750000	-0.20000000	11.029698961538
0.00750000	-0.15000000	8.845364396175
0.00750000	-0.10000000	7.829101422454
0.00750000	-0.05000000	7.919232723927
0.00750000	0.00000000	9.061788520105
0.00750000	0.05000000	11.209227360129
0.00750000	0.10000000	14.319417336941
0.00750000	0.15000000	18.354815703694
0.00750000	0.20000000	23.281801617407
0.00750000	0.25000000	29.070128466233
0.00750000	0.30000000	35.692470592555
0.00750000	0.35000000	43.124045265306
0.00750000	0.40000000	51.342295182742
0.00750000	0.45000000	60.326620073199
0.00750000	0.50000000	70.058148428775
0.00800000	-0.50000000	53.773441685722
0.00800000	-0.45000000	42.777810897587
0.00800000	-0.40000000	33.614300426863
0.00800000	-0.35000000	26.116598628712
0.00800000	-0.30000000	20.147950323306
0.00800000	-0.25000000	15.594296068434
0.00800000	-0.20000000	12.359334154916
0.00800000	-0.15000000	10.360884307016
0.00800000	-0.10000000	9.528156328820
0.00800000	-0.05000000	9.799662547977
0.00800000	0.00000000	11.121597642285
0.00800000	0.05000000	13.446563917328
0.00800000	0.10000000	16.732556031350
0.00800000	0.15000000	20.942143394221
0.00800000	0.20000000	26.041805141113
0.00800000	0.25000000	32.001384265150
0.00800000	0.30000000	38.793635815672
0.00800000	0.35000000	46.393850086194
0.00800000	0.40000000	54.779536126822
0.00800000	0.45000000	63.930154189655
0.00800000	0.50000000	73.826888173831
0.00850000	-0.50000000	54.153397007872
0.00850000	-0.45000000	43.371427759713
0.00850000	-0.40000000	34.417098611155
0.00850000	-0.35000000	27.124656513064
0.00850000	-0.30000000	21.357795564141
0.00850000	-0.25000000	17.002823904533
0.00850000	-0.20000000	13.963745033018
0.00850000	-0.15000000	12.158635368220
0.00850000	-0.10000000	11.516923058370
0.00850000	-0.05000000	11.977308021888
0.00850000	0.00000000	13.486147549802
0.00850000	0.05000000	15.996186041800
0.00850000	0.10000000	19.465543219714
0.00850000	0.15000000	23.856899289939
0.00850000	0.20000000	29.136832130642
0.00850000	0.25000000	35.275273215520
0.00850000	0.30000000	42.245057274864
0.00850000	0.35000000	50.021546688418
0.00850000	0.40000000	58.582315998081
0.00850000	0.45000000	67.906885189781
0.00850000	0.50000000	77.976492842750
0.00900000	-0.50000000	54.785640089170
0.00900000	-0.45000000	44.224187989349
0.00900000	-0.40000000	35.485969029011
0.00900000	-0.35000000	28.405779651862
0.00900000	-0.30000000	22.847755791643
0.00900000	-0.25000000	18.698566988138
0.00900000	-0.20000000	15.862516744005
0.00900000	-0.15000000	14.257933741757
0.00900000	-0.10000000	13.814460664466
0.00900000	-0.05000000	14.470981717656
0.00900000	0.00000000	16.174013918465
0.00900000	0.05000000	18.876441220366
0.00900000	0.10000000	22.536506159949
0.00900000	0.15000000	27.116997738388
0.00900000	0.20000000	32.584590786161
0.00900000	0.25000000	38.909303648399
0.00900000	0.30000000	46.064049284361
0.00900000	0.35000000	54.024260844873
0.00900000	0.40000000	62.767577168260
0.00900000	0.45000000	72.273576884296
0.00900000	0.50000000	82.523552255438
0.00950000	-0.50000000	55.694911450155
0.00950000	-0.45000000	45.360717635277
0.00950000	-0.40000000	36.845425151524
0.00950000	-0.35000000	29.984370865536
0.00950000	-0.30000000	24.642125102833
0.00950000	-0.25000000	20.705712598112
0.00950000	-0.20000000	18.079731617378
0.00950000	-0.15000000	16.682758631204
0.00950000	-0.10000000	16.444646997836
0.00950000	-0.05000000	17.304461853483
0.00950000	0.00000000	19.208877000902
0.00950000	0.05000000	22.110913354234
0.00950000	0.10000000	25.968933964505
0.00950000	0.15000000	30.745834576199
0.00950000	0.20000000	36.408385133712
0.00950000	0.25000000	42.926689198907
0.00950000	0.30000000	50.273736464645
0.00950000	0.35000000	58.425029496446
0.00950000	0.40000000	67.358270194545
0.00950000	0.45000000	77.053094705407
0.00950000	0.50000000	87.490847942581
0.01000000	-0.50000000	56.900635265439
0.01000000	-0.45000000	46.800393013513
0.01000000	-0.40000000	38.514782994552
0.01000000	-0.35000000	31.879676577263
0.01000000	-0.30000000	26.760073355014
0.01000000	-0.25000000	23.043348792189
0.01000000	-0.20000000	20.634392002230
0.01000000	-0.15000000	19.452023789664
0.01000000	-0.10000000	19.426305124905
0.01000000	-0.05000000	20.496479345325
0.01000000	0.00000000	22.609374595927
0.01000000	0.05000000	25.718146555102
0.01000000	0.10000000	29.781276806195
0.01000000	0.15000000	34.761766041788
0.01000000	0.20000000	40.626477688779
0.01000000	0.25000000	47.345599038509
0.01000000	0.30000000	54.892195157614
0.01000000	0.35000000	63.241836779566
0.01000000	0.40000000	72.372287720474
0.01000000	0.45000000	82.263240587473
0.01000000	0.50000000	92.896091969901
