0.00000000	-0.50000000	20.000167493857
0.00000000	-0.45000000	16.200167493857
0.00000000	-0.40000000	12.800167493857
0.00000000	-0.35000000	9.800167493857
0.00000000	-0.30000000	7.200167493857
0.00000000	-0.25000000	5.000167493857
0.00000000	-0.20000000	3.200167493857
0.00000000	-0.15000000	1.800167493857
0.00000000	-0.10000000	0.800167493857
0.00000000	-0.05000000	0.200167493857
0.00000000	0.00000000	0.000167493857
0.00000000	0.05000000	0.200167493857
0.00000000	0.10000000	0.800167493857
0.00000000	0.15000000	1.800167493857
0.00000000	0.20000000	3.200167493857
0.00000000	0.25000000	5.000167493857
0.00000000	0.30000000	7.200167493857
0.00000000	0.35000000	9.800167493857
0.00000000	0.40000000	12.800167493857
0.00000000	0.45000000	16.200167493857
0.00000000	0.50000000	20.000167493857
0.00050000	-0.50000000	20.008395680180
0.00050000	-0.45000000	16.208395680180
0.00050000	-0.40000000	12.808395680180
0.00050000	-0.35000000	9.808395680180
0.00050000	-0.30000000	7.208395680180
0.00050000	-0.25000000	5.008395680180
0.00050000	-0.20000000	3.208395680180
0.00050000	-0.15000000	1.808395680180
0.00050000	-0.10000000	0.808395680180
0.00050000	-0.05000000	0.208395680180
0.00050000	0.00000000	0.008395680180
0.00050000	0.05000000	0.208395680180
0.00050000	0.10000000	0.808395680180
0.00050000	0.15000000	1.808395680180
0.00050000	0.20000000	3.208395680180
0.00050000	0.25000000	5.008395680180
0.00050000	0.30000000	7.208395680180
0.00050000	0.35000000	9.808395680180
0.00050000	0.40000000	12.808395680180
0.00050000	0.45000000	16.208395680180
0.00050000	0.50000000	20.008395680180
0.00100000	-0.50000000	20.039530301733
0.00100000	-0.45000000	16.239530301733
0.00100000	-0.40000000	12.839530301733
0.00100000	-0.35000000	9.839530301733
0.00100000	-0.30000000	7.239530301733
0.00100000	-0.25000000	5.039530301733
0.00100000	-0.20000000	3.239530301733
0.00100000	-0.15000000	1.839530301733
0.00100000	-0.10000000	0.839530301733
0.00100000	-0.05000000	0.239530301733
0.00100000	0.00000000	0.039530301733
0.00100000	0.05000000	0.239530301733
0.00100000	0.10000000	0.839530301733
0.00100000	0.15000000	1.839530301733
0.00100000	0.20000000	3.239530301733
0.00100000	0.25000000	5.039530301733
0.00100000	0.30000000	7.239530301733
0.00100000	0.35000000	9.839530301733
0.00100000	0.40000000	12.839530301733
0.00100000	0.45000000	16.239530301733
0.00100000	0.50000000	20.039530301733
0.00150000	-0.50000000	20.104851580870
0.00150000	-0.45000000	16.304851580870
0.00150000	-0.40000000	12.904851580870
0.00150000	-0.35000000	9.904851580870
0.00150000	-0.30000000	7.304851580870
0.00150000	-0.25000000	5.104851580870
0.00150000	-0.20000000	3.304851580870
0.00150000	-0.15000000	1.904851580870
0.00150000	-0.10000000	0.904851580870
0.00150000	-0.05000000	0.304851580870
0.00150000	0.00000000	0.104851580870
0.00150000	0.05000000	0.304851580870
0.00150000	0.10000000	0.904851580870
0.00150000	0.15000000	1.904851580870
0.00150000	0.20000000	3.304851580870
0.00150000	0.25000000	5.104851580870
0.00150000	0.30000000	7.304851580870
0.00150000	0.35000000	9.904851580870
0.00150000	0.40000000	12.904851580870
0.00150000	0.45000000	16.304851580870
0.00150000	0.50000000	20.104851580870
0.00200000	-0.50000000	20.217836935481
0.00200000	-0.45000000	16.417836935481
0.00200000	-0.40000000	13.017836935481
0.00200000	-0.35000000	10.017836935481
0.00200000	-0.30000000	7.417836935481
0.00200000	-0.25000000	5.217836935481
0.00200000	-0.20000000	3.417836935481
0.00200000	-0.15000000	2.017836935481
0.00200000	-0.10000000	1.017836935481
0.00200000	-0.05000000	0.417836935481
0.00200000	0.00000000	0.217836935481
0.00200000	0.05000000	0.417836935481
0.00200000	0.10000000	1.017836935481
0.00200000	0.15000000	2.017836935481
0.00200000	0.20000000	3.417836935481
0.00200000	0.25000000	5.217836935481
0.00200000	0.30000000	7.417836935481
0.00200000	0.35000000	10.017836935481
0.00200000	0.40000000	13.017836935481
0.00200000	0.45000000	16.417836935481
0.00200000	0.50000000	20.217836935481
0.00250000	-0.50000000	20.393657021533
0.00250000	-0.45000000	16.593657021533
0.00250000	-0.40000000	13.193657021533
0.00250000	-0.35000000	10.193657021533
0.00250000	-0.30000000	7.593657021533
0.00250000	-0.25000000	5.393657021533
0.00250000	-0.20000000	3.593657021533
0.00250000	-0.15000000	2.193657021533
0.00250000	-0.10000000	1.193657021533
0.00250000	-0.05000000	0.593657021533
0.00250000	0.00000000	0.393657021533
0.00250000	0.05000000	0.593657021533
0.00250000	0.10000000	1.193657021533
0.00250000	0.15000000	2.193657021533
0.00250000	0.20000000	3.593657021533
0.00250000	0.25000000	5.393657021533
0.00250000	0.30000000	7.593657021533
0.00250000	0.35000000	10.193657021533
0.00250000	0.40000000	13.193657021533
0.00250000	0.45000000	16.593657021533
0.00250000	0.50000000	20.393657021533
0.00300000	-0.50000000	20.649528873750
0.00300000	-0.45000000	16.849528873750
0.00300000	-0.40000000	13.449528873750
0.00300000	-0.35000000	10.449528873750
0.00300000	-0.30000000	7.849528873750
0.00300000	-0.25000000	5.649528873750
0.00300000	-0.20000000	3.849528873750
0.00300000	-0.15000000	2.449528873750
0.00300000	-0.10000000	1.449528873750
0.00300000	-0.05000000	0.849528873750
0.00300000	0.00000000	0.649528873750
0.00300000	0.05000000	0.849528873750
0.00300000	0.10000000	1.449528873750
0.00300000	0.15000000	2.449528873750
0.00300000	0.20000000	3.849528873750
0.00300000	0.25000000	5.649528873750
0.00300000	0.30000000	7.849528873750
0.00300000	0.35000000	10.449528873750
0.00300000	0.40000000	13.449528873750
0.00300000	0.45000000	16.849528873750
0.00300000	0.50000000	20.649528873750
0.00350000	-0.50000000	21.003449374237
0.00350000	-0.45000000	17.203449374237
0.00350000	-0.40000000	13.803449374237
0.00350000	-0.35000000	10.803449374237
0.00350000	-0.30000000	8.203449374237
0.00350000	-0.25000000	6.003449374237
0.00350000	-0.20000000	4.203449374237
0.00350000	-0.15000000	2.803449374237
0.00350000	-0.10000000	1.803449374237
0.00350000	-0.05000000	1.203449374237
0.00350000	0.00000000	1.003449374237
0.00350000	0.05000000	1.203449374237
0.00350000	0.10000000	1.803449374237
0.00350000	0.15000000	2.803449374237
0.00350000	0.20000000	4.203449374237
0.00350000	0.25000000	6.003449374237
0.00350000	0.30000000	8.203449374237
0.00350000	0.35000000	10.803449374237
0.00350000	0.40000000	13.803449374237
0.00350000	0.45000000	17.203449374237
0.00350000	0.50000000	21.003449374237
0.00400000	-0.50000000	21.474874125087
0.00400000	-0.45000000	17.674874125087
0.00400000	-0.40000000	14.274874125087
0.00400000	-0.35000000	11.274874125087
0.00400000	-0.30000000	8.674874125087
0.00400000	-0.25000000	6.474874125087
0.00400000	-0.20000000	4.674874125087
0.00400000	-0.15000000	3.274874125087
0.00400000	-0.10000000	2.274874125087
0.00400000	-0.05000000	1.674874125087
0.00400000	0.00000000	1.474874125087
0.00400000	0.05000000	1.674874125087
0.00400000	0.10000000	2.274874125087
0.00400000	0.15000000	3.274874125087
0.00400000	0.20000000	4.674874125087
0.00400000	0.25000000	6.474874125087
0.00400000	0.30000000	8.674874125087
0.00400000	0.35000000	11.274874125087
0.00400000	0.40000000	14.274874125087
0.00400000	0.45000000	17.674874125087
0.00400000	0.50000000	21.474874125087
0.00450000	-0.50000000	22.083892367712
0.00450000	-0.45000000	18.283892367712
0.00450000	-0.40000000	14.883892367712
0.00450000	-0.35000000	11.883892367712
0.00450000	-0.30000000	9.283892367712
0.00450000	-0.25000000	7.083892367712
0.00450000	-0.20000000	5.283892367712
0.00450000	-0.15000000	3.883892367712
0.00450000	-0.10000000	2.883892367712
0.00450000	-0.05000000	2.283892367712
0.00450000	0.00000000	2.083892367712
0.00450000	0.05000000	2.283892367712
0.00450000	0.10000000	2.883892367712
0.00450000	0.15000000	3.883892367712
0.00450000	0.20000000	5.283892367712
0.00450000	0.25000000	7.083892367712
0.00450000	0.30000000	9.283892367712
0.00450000	0.35000000	11.883892367712
0.00450000	0.40000000	14.883892367712
0.00450000	0.45000000	18.283892367712
0.00450000	0.50000000	22.083892367712
0.00500000	-0.50000000	22.851244148864
0.00500000	-0.45000000	19.051244148864
0.00500000	-0.40000000	15.651244148864
0.00500000	-0.35000000	12.651244148864
0.00500000	-0.30000000	10.051244148864
0.00500000	-0.25000000	7.851244148864
0.00500000	-0.20000000	6.051244148864
0.00500000	-0.15000000	4.651244148864
0.00500000	-0.10000000	3.651244148864
0.00500000	-0.05000000	3.051244148864
0.00500000	0.00000000	2.851244148864
0.00500000	0.05000000	3.051244148864
0.00500000	0.10000000	3.651244148864
0.00500000	0.15000000	4.651244148864
0.00500000	0.20000000	6.051244148864
0.00500000	0.25000000	7.851244148864
0.00500000	0.30000000	10.051244148864
0.00500000	0.35000000	12.651244148864
0.00500000	0.40000000	15.651244148864
0.00500000	0.45000000	19.051244148864
0.00500000	0.50000000	22.851244148864
0.00550000	-0.50000000	23.797847986101
0.00550000	-0.45000000	19.997847986101
0.00550000	-0.40000000	16.597847986101
0.00550000	-0.35000000	13.597847986101
0.00550000	-0.30000000	10.997847986101
0.00550000	-0.25000000	8.797847986101
0.00550000	-0.20000000	6.997847986101
0.00550000	-0.15000000	5.597847986101
0.00550000	-0.10000000	4.597847986101
0.00550000	-0.05000000	3.997847986101
0.00550000	0.00000000	3.797847986101
0.00550000	0.05000000	3.997847986101
0.00550000	0.10000000	4.597847986101
0.00550000	0.15000000	5.597847986101
0.00550000	0.20000000	6.997847986101
0.00550000	0.25000000	8.797847986101
0.00550000	0.30000000	10.997847986101
0.00550000	0.35000000	13.597847986101
0.00550000	0.40000000	16.597847986101
0.00550000	0.45000000	19.997847986101
0.00550000	0.50000000	23.797847986101
0.00600000	-0.50000000	24.944776304445
0.00600000	-0.45000000	21.144776304445
0.00600000	-0.40000000	17.744776304445
0.00600000	-0.35000000	14.744776304445
0.00600000	-0.30000000	12.144776304445
0.00600000	-0.25000000	9.944776304445
0.00600000	-0.20000000	8.144776304445
0.00600000	-0.15000000	6.744776304445
0.00600000	-0.10000000	5.744776304445
0.00600000	-0.05000000	5.144776304445
0.00600000	0.00000000	4.944776304445
0.00600000	0.05000000	5.144776304445
0.00600000	0.10000000	5.744776304445
0.00600000	0.15000000	6.744776304445
0.00600000	0.20000000	8.144776304445
0.00600000	0.25000000	9.944776304445
0.00600000	0.30000000	12.144776304445
0.00600000	0.35000000	14.744776304445
0.00600000	0.40000000	17.744776304445
0.00600000	0.45000000	21.144776304445
0.00600000	0.50000000	24.944776304445
0.00650000	-0.50000000	26.314075188586
0.00650000	-0.45000000	22.514075188586
0.00650000	-0.40000000	19.114075188586
0.00650000	-0.35000000	16.114075188586
0.00650000	-0.30000000	13.514075188586
0.00650000	-0.25000000	11.314075188586
0.00650000	-0.20000000	9.514075188586
0.00650000	-0.15000000	8.114075188586
0.00650000	-0.10000000	7.114075188586
0.00650000	-0.05000000	6.514075188586
0.00650000	0.00000000	6.314075188586
0.00650000	0.05000000	6.514075188586
0.00650000	0.10000000	7.114075188586
0.00650000	0.15000000	8.114075188586
0.00650000	0.20000000	9.514075188586
0.00650000	0.25000000	11.314075188586
0.00650000	0.30000000	13.514075188586
0.00650000	0.35000000	16.114075188586
0.00650000	0.40000000	19.114075188586
0.00650000	0.45000000	22.514075188586
0.00650000	0.50000000	26.314075188586
0.00700000	-0.50000000	27.924902323045
0.00700000	-0.45000000	24.124902323045
0.00700000	-0.40000000	20.724902323045
0.00700000	-0.35000000	17.724902323045
0.00700000	-0.30000000	15.124902323045
0.00700000	-0.25000000	12.924902323045
0.00700000	-0.20000000	11.124902323045
0.00700000	-0.15000000	9.724902323045
0.00700000	-0.10000000	8.724902323045
0.00700000	-0.05000000	8.124902323045
0.00700000	0.00000000	7.924902323045
0.00700000	0.05000000	8.124902323045
0.00700000	0.10000000	8.724902323045
0.00700000	0.15000000	9.724902323045
0.00700000	0.20000000	11.124902323045
0.00700000	0.25000000	12.924902323045
0.00700000	0.30000000	15.124902323045
0.00700000	0.35000000	17.724902323045
0.00700000	0.40000000	20.724902323045
0.00700000	0.45000000	24.124902323045
0.00700000	0.50000000	27.924902323045
0.00750000	-0.50000000	29.799456685068
0.00750000	-0.45000000	25.999456685068
0.00750000	-0.40000000	22.599456685068
0.00750000	-0.35000000	19.599456685068
0.00750000	-0.30000000	16.999456685068
0.00750000	-0.25000000	14.799456685068
0.00750000	-0.20000000	12.999456685068
0.00750000	-0.15000000	11.599456685068
0.00750000	-0.10000000	10.599456685068
0.00750000	-0.05000000	9.999456685068
0.00750000	0.00000000	9.799456685068
0.00750000	0.05000000	9.999456685068
0.00750000	0.10000000	10.599456685068
0.00750000	0.15000000	11.599456685068
0.00750000	0.20000000	12.999456685068
0.00750000	0.25000000	14.799456685068
0.00750000	0.30000000	16.999456685068
0.00750000	0.35000000	19.599456685068
0.00750000	0.40000000	22.599456685068
0.00750000	0.45000000	25.999456685068
0.00750000	0.50000000	29.799456685068
0.00800000	-0.50000000	31.956230610110
0.00800000	-0.45000000	28.156230610110
0.00800000	-0.40000000	24.756230610110
0.00800000	-0.35000000	21.756230610110
0.00800000	-0.30000000	19.156230610110
0.00800000	-0.25000000	16.956230610110
0.00800000	-0.20000000	15.156230610110
0.00800000	-0.15000000	13.756230610110
0.00800000	-0.10000000	12.756230610110
0.00800000	-0.05000000	12.156230610110
0.00800000	0.00000000	11.956230610110
0.00800000	0.05000000	12.156230610110
0.00800000	0.10000000	12.756230610110
0.00800000	0.15000000	13.756230610110
0.00800000	0.20000000	15.156230610110
0.00800000	0.25000000	16.956230610110
0.00800000	0.30000000	19.156230610110
0.00800000	0.35000000	21.756230610110
0.00800000	0.40000000	24.756230610110
0.00800000	0.45000000	28.156230610110
0.00800000	0.50000000	31.956230610110
0.00850000	-0.50000000	34.417016145122
0.00850000	-0.45000000	30.617016145122
0.00850000	-0.40000000	27.217016145122
0.00850000	-0.35000000	24.217016145122
0.00850000	-0.30000000	21.617016145122
0.00850000	-0.25000000	19.417016145122
0.00850000	-0.20000000	17.617016145122
0.00850000	-0.15000000	16.217016145122
0.00850000	-0.10000000	15.217016145122
0.00850000	-0.05000000	14.617016145122
0.00850000	0.00000000	14.417016145122
0.00850000	0.05000000	14.617016145122
0.00850000	0.10000000	15.217016145122
0.00850000	0.15000000	16.217016145122
0.00850000	0.20000000	17.617016145122
0.00850000	0.25000000	19.417016145122
0.00850000	0.30000000	21.617016145122
0.00850000	0.35000000	24.217016145122
0.00850000	0.40000000	27.217016145122
0.00850000	0.45000000	30.617016145122
0.00850000	0.50000000	34.417016145122
0.00900000	-0.50000000	37.197582768887
0.00900000	-0.45000000	33.397582768887
0.00900000	-0.40000000	29.997582768887
0.00900000	-0.35000000	26.997582768887
0.00900000	-0.30000000	24.397582768887
0.00900000	-0.25000000	22.197582768887
0.00900000	-0.20000000	20.397582768887
0.00900000	-0.15000000	18.997582768887
0.00900000	-0.10000000	17.997582768887
0.00900000	-0.05000000	17.397582768887
0.00900000	0.00000000	17.197582768887
0.00900000	0.05000000	17.397582768887
0.00900000	0.10000000	17.997582768887
0.00900000	0.15000000	18.997582768887
0.00900000	0.20000000	20.397582768887
0.00900000	0.25000000	22.197582768887
0.00900000	0.30000000	24.397582768887
0.00900000	0.35000000	26.997582768887
0.00900000	0.40000000	29.997582768887
0.00900000	0.45000000	33.397582768887
0.00900000	0.50000000	37.197582768887
0.00950000	-0.50000000	40.319064420376
0.00950000	-0.45000000	36.519064420376
0.00950000	-0.40000000	33.119064420376
0.00950000	-0.35000000	30.119064420376
0.00950000	-0.30000000	27.519064420376
0.00950000	-0.25000000	25.319064420376
0.00950000	-0.20000000	23.519064420376
0.00950000	-0.15000000	22.119064420376
0.00950000	-0.10000000	21.119064420376
0.00950000	-0.05000000	20.519064420376
0.00950000	0.00000000	20.319064420376
0.00950000	0.05000000	20.519064420376
0.00950000	0.10000000	21.119064420376
0.00950000	0.15000000	22.119064420376
0.00950000	0.20000000	23.519064420376
0.00950000	0.25000000	25.319064420376
0.00950000	0.30000000	27.519064420376
0.00950000	0.35000000	30.119064420376
0.00950000	0.40000000	33.119064420376
0.00950000	0.45000000	36.519064420376
0.00950000	0.50000000	40.319064420376
0.01000000	-0.50000000	43.797017338588
0.01000000	-0.45000000	39.997017338588
0.01000000	-0.40000000	36.597017338588
0.01000000	-0.35000000	33.597017338588
0.01000000	-0.30000000	30.997017338588
0.01000000	-0.25000000	28.797017338588
0.01000000	-0.20000000	26.997017338588
0.01000000	-0.15000000	25.597017338588
0.01000000	-0.10000000	24.597017338588
0.01000000	-0.05000000	23.997017338588
0.01000000	0.00000000	23.797017338588
0.01000000	0.05000000	23.997017338588
0.01000000	0.10000000	24.597017338588
0.01000000	0.15000000	25.597017338588
0.01000000	0.20000000	26.997017338588
0.01000000	0.25000000	28.797017338588
0.01000000	0.30000000	30.997017338588
0.01000000	0.35000000	33.597017338588
0.01000000	0.40000000	36.597017338588
0.01000000	0.45000000	39.997017338588
0.01000000	0.50000000	43.797017338588
